48459
18043
13123
27121
05053
37025
51680
40089
06071
48179
48241
06115
42077
26093
21019
37135
54077
46109
40061
19029
48303
29187
40141
27117
27013
01115
21073
20149
51077
55121
17041
19043
42021
18123
13127
21095
54091
22067
36081
01059
28033
42097
21099
01005
18183
06017
27001
05141
51135
24510
19103
29099
28133
13199
37027
35013
42041
48273
30087
28163
29115
48223
22113
27115
21043
27021
21163
48221
21069
29013
22019
42063
42083
36105
24017
55033
12061
55097
24043
42035
54087
34017
16057
39175
13129
08059
51149
21231
42045
29131
44005
17125
37065
21071
01097
20173
34019
55139
54041
06095
09011
19025
51095
19067
20103
12053
39051
37013
39009
55059
22043
51087
47073
26061
17121
18111
29079
22109
08067
32013
17107
37083
48157
18139
26035
13267
40091
21183
48361
45057
37129
18083
47001
40117
13103
53043
37191
12111
31141
39167
19015
48007
21217
18049
36077
16031
18109
55003
48441
47139
53017
28017
18141
06015
39007
13053
38079
45001
48395
29111
18121
51670
36107
48061
26051
13237
40001
01035
37163
08069
49051
47039
13047
54079
55001
30053
16065
29027
39145
29143
51071
47185
12099
51199
39101
31131
49003
19091
18127
47011
37047
06023
40023
37197
21137
01049
31047
21173
26067
29037
29177
47037
51117
45031
40135
47043
16001
18057
13143
39155
51790
56033
36049
19045
49039
01051
27025
13207
51700
30049
13189
26131
55057
53031
13031
37021
13097
21211
48415
42047
22097
28095
36061
21179
56005
45085
51023
18099
51163
47079
30035
18137
05107
54055
39071
51550
39119
27163
28145
47051
17179
48115
05077
09009
45015
12081
18037
13075
05019
48149
36115
23017
28007
13083
28105
05113
41019
39023
05017
47111
13251
27147
54059
01061
17015
45011
09003
51193
37185
16027
18149
26009
51013
21219
29201
17087
19081
45071
17081
29195
05051
26073
34041
29189
37111
48503
42079
48135
22003
13071
37175
51520
45047
30081
31151
48233
21133
42073
48145
55081
17181
13317
28029
22089
18103
02130
48293
26091
06101
37015
06089
12027
06009
40031
48003
17157
19171
12091
01073
47103
22013
32019
37165
17093
36079
29001
12073
51121
21153
22093
51169
29161
48455
42121
27055
35039
13219
48085
20175
20079
41047
49047
48035
17197
45007
39063
19027
19013
39157
45003
45037
29213
22061
30031
40097
27123
29145
13293
12121
26133
27099
48487
12003
27161
35031
35028
26159
45027
47167
09007
08005
13115
51630
29225
19127
13051
37087
05033
34021
22009
41057
12093
27057
48187
27079
30063
31157
22115
22127
05001
40149
28109
55127
28031
55107
18119
32007
42003
37023
36043
27005
20091
45081
55045
48285
23019
21225
51061
10001
27053
45067
54035
48001
55069
53063
48477
36037
22005
28151
17033
34029
37161
39083
40095
19031
51195
39161
49011
40011
21221
28013
21055
12015
39011
13119
32005
55137
48199
08029
28071
45039
22111
01129
35061
13021
28123
41067
12041
17045
36071
29019
27127
05027
42111
37181
28011
40109
02090
39061
54103
20041
54011
45053
18151
37003
40115
21009
17163
35017
36003
26027
19167
28089
26049
29073
22121
51027
47115
18047
26077
41061
05055
18089
47117
26057
05071
26151
28091
17011
39049
02020
36119
17167
48315
01007
41011
01123
37145
53073
19147
29133
27157
33005
19123
50015
19035
42017
53057
42101
18065
55109
42005
48339
42015
40013
13131
06081
36069
39019
27039
13151
32510
48457
06055
37131
26039
17127
21167
40123
17085
08007
13195
41013
12017
13321
26023
21123
08001
51085
26139
21185
27093
13121
50005
17115
17105
46093
17055
45025
18015
54065
15001
47065
18181
39027
48401
13073
51810
47173
48183
19153
53037
18133
01027
31053
21025
05149
48353
23001
13045
51033
39165
53077
05145
18041
01019
29127
37037
41001
47033
27089
39159
21209
26105
41033
40009
18169
42069
48209
46005
34037
50021
05081
17027
33007
08083
51075
19097
56025
20037
22101
22045
08085
51710
48453
47097
37169
13087
48407
21235
37061
05093
22117
46099
39075
30005
18055
40015
48041
19083
01031
06069
40101
54099
49007
21049
39069
37067
21089
17111
37017
04015
46083
21205
18157
18027
13225
27141
55013
47149
02122
17149
54061
35005
51185
19113
51735
12127
34025
13055
55125
29065
31111
37049
21035
08041
54097
41015
20057
28113
37141
37091
42031
29093
18081
01025
37119
38059
54049
39053
01039
51191
26065
37193
27103
53011
42125
20139
04001
19183
20209
48201
39143
27129
17095
31155
42115
01133
37179
15009
26063
05029
17193
27139
13223
24005
27131
48479
17117
18107
28035
47085
01015
20133
08003
21005
35057
34035
06063
17131
19055
20061
01085
13217
48451
37173
29223
27111
13089
18125
17031
19049
27063
22071
21117
35053
26081
55077
17177
04007
23011
23005
51059
06027
31109
17099
08077
13273
36075
13229
42055
12019
37183
53041
18013
20001
37115
25005
41041
48117
47075
40037
17123
17053
16013
29047
41039
45083
17091
22119
05023
35001
12057
20087
26157
48313
19099
37063
22011
22087
48375
48091
18023
39123
53067
28067
36027
36047
51107
27067
31001
22099
48371
27173
47157
13213
12035
47035
27109
39089
21119
53049
01013
51001
48039
40087
48177
42043
18069
20169
27097
13311
41053
29113
17019
31019
40139
05091
01023
48439
18033
48049
08119
18031
31159
05007
53059
48387
18017
42061
54003
36015
47061
26055
21193
01009
13275
22085
29510
21213
51041
08071
48251
21127
22037
45051
28139
55005
51119
19017
48489
47133
01043
13231
37081
26047
05063
17159
06041
05115
06025
54001
48055
37133
48265
21051
35045
01045
46029
46065
48493
41051
53071
01001
17183
05041
21125
18097
38077
20177
13015
55099
21171
22001
28043
51153
45073
54075
04023
48051
19041
45077
54081
35027
48381
05133
31177
54053
27151
21161
25007
51510
39171
04005
19073
05119
19033
06077
29083
17201
39111
28027
26161
12109
39133
06079
40071
17089
29221
21047
39001
35049
06093
18105
12097
55133
42085
21145
55115
55111
13221
39073
48219
05031
21175
51015
38099
12059
36103
29107
31089
38053
39149
12105
42093
05123
38017
39033
51069
05035
17135
12023
39013
08081
06059
53053
19179
01057
45049
48213
37123
04009
12119
39109
51031
34033
42013
21115
37139
19057
23003
51161
49049
36023
55075
38105
53029
40147
23007
26045
46103
05135
51183
51101
23015
23025
47155
22095
18071
48021
35015
18009
27045
33003
18001
45087
28045
48073
55073
34011
47165
17067
39005
24045
28107
51690
51683
54009
48215
40137
01127
42051
17017
13137
37039
54067
22015
01113
06031
29029
17187
45075
17083
19155
19129
45063
18045
30009
04027
55017
37147
29151
35025
48245
36041
41007
21037
16011
20205
48281
36033
39029
45035
22083
38101
29141
40143
54089
12103
26053
12039
39079
22055
19023
48053
42133
23009
37189
21151
48141
39151
42095
51177
12083
45055
12131
06007
08039
19149
13157
18135
39085
13205
33013
13299
53005
28049
47019
35006
18079
36073
11001
27023
26113
06045
05087
36083
40113
42129
47041
47171
47003
48337
17191
47187
37121
54069
55027
20121
17173
24033
01081
26127
01099
12001
01021
42081
55011
49043
24027
45019
29101
29119
41031
37125
01053
26043
22069
48253
17145
48321
22033
21199
50025
06035
26111
27091
53051
41065
21067
39107
53025
13033
45013
47143
31025
36117
22105
40111
53027
33009
35043
39135
53047
51143
01071
48203
47049
17161
36045
54047
17119
13227
37099
31185
21017
51065
55029
40121
39103
47109
48485
50027
54057
26155
55019
48013
13169
19061
49041
08087
05085
20113
39127
01131
40145
36039
25025
12063
13113
56009
24035
48399
33001
48249
44003
18177
27037
08051
34003
17101
37059
37151
01079
47005
51800
33017
54019
19181
50003
29069
12051
56007
18035
53055
36051
05139
29121
17139
29147
48389
06033
05005
34007
22075
48471
48449
55021
28061
29215
26115
48181
48397
48323
22007
35047
21001
54039
08075
31067
20191
17001
42107
12115
46135
18051
28121
39017
37011
17137
40041
01077
27009
33015
36101
30083
13163
51167
30047
47081
06043
49035
28073
06083
08113
27049
05011
48089
55089
26121
22017
02110
01095
47013
19109
32031
51590
16019
38089
23031
37033
39147
08031
47159
36029
39003
21085
26021
29117
08089
39021
29071
22077
48171
40133
20035
21021
41005
24001
55087
27027
54029
29031
19117
18129
18067
19145
54051
27095
29091
17039
37107
36031
19105
55053
21147
34015
04013
13067
26059
48217
20021
39131
08099
09013
21135
05111
18077
01119
48277
51083
54033
42071
47071
01107
30029
44001
39141
36011
26079
28117
29053
45029
18165
19187
48297
28081
26137
17133
05089
05069
19005
12049
53003
06005
13185
06107
01017
27015
21215
27113
26087
05015
48133
13063
22057
28141
05121
37101
01055
45033
53015
19165
21157
01109
18019
40153
40125
55079
20015
44009
48167
39093
48465
47087
21061
48499
30003
30093
18087
05079
50017
26007
12037
20111
48325
22065
25013
37127
32003
17141
51820
06073
37031
37077
28057
36013
54083
28001
48469
51093
29055
18131
39125
34039
20117
13105
54045
16069
55095
13279
48257
01041
05075
26005
55041
36111
13305
51175
27153
42025
19007
05125
13011
24037
09005
47131
26011
40105
39031
48423
21177
37053
28137
55055
36095
26031
56001
33019
36055
13295
19161
26001
37001
54109
47009
18061
06039
35041
17097
47093
21107
28047
50023
13095
29097
29165
01003
04021
17043
36035
55083
37069
55129
19075
25019
48185
08123
26123
10005
08097
45009
21101
55101
06113
47045
55007
51035
25003
35009
12089
12095
06047
47183
17143
51650
27143
51109
56021
47179
31119
54027
53007
10003
20029
45089
13059
18021
36067
18011
05059
05083
47025
28083
40065
40005
20011
29105
22047
51047
51197
18073
51009
02198
37079
19175
39091
40035
42049
47017
40049
55117
19111
48113
47091
37167
18091
24021
12101
01047
51141
13261
42075
53035
17003
36113
50019
36091
41029
40039
17037
51770
13315
47163
48255
13057
05003
05067
42029
18029
51073
40021
29109
24025
18145
55009
26147
34009
47021
27033
48037
39037
24047
02150
05043
37097
22053
46013
47177
53061
47031
36057
21113
23029
13001
01121
18003
21045
45059
37157
51179
41027
41059
01093
20055
39117
48351
12117
48161
53065
16053
08117
24029
48355
37085
51025
12085
13215
40107
51137
56039
26071
19087
19047
06053
21059
12007
48409
16051
21141
50011
28023
37009
37055
19063
13255
18039
36001
30111
37071
21015
28153
13241
22051
18093
28079
27007
47089
25017
26037
27043
01117
39105
24011
29077
21203
27065
12123
13111
13145
40017
16005
53033
20099
48291
05045
37137
31079
26101
29209
48481
55067
48029
37171
06075
42089
29169
28159
36017
42109
27061
29157
48365
13175
54037
13245
08101
56023
19163
42099
04003
54107
17021
39067
55047
18179
47077
55061
37019
13091
36099
42011
48027
27171
19193
39169
22041
42103
53075
55105
29003
39059
05057
31041
49045
26119
41003
42033
28039
27003
20059
39025
51005
13313
17005
51089
34023
41071
37153
08037
47063
01033
20045
13277
55063
48093
18167
47181
13179
29095
22027
06105
46035
13009
36093
29051
06085
42067
21227
26103
18163
12021
51145
38003
53045
21081
27017
50007
01069
45079
13027
18059
49053
36089
45045
29186
22031
55039
08014
47099
21233
24009
26089
36097
51003
55031
37199
55043
26165
48143
46081
26029
19169
19191
54043
27135
40131
41009
25009
01111
17147
12129
24013
41035
36123
26141
50001
55135
41043
48015
13135
26097
24023
48227
29183
42105
39035
08015
12079
48373
01091
12011
45091
39115
22063
16075
13099
49057
28059
45041
06057
45021
19137
39081
48019
48329
21207
55071
04025
18063
21083
17075
37117
48331
36109
36005
25023
47029
29155
39043
40083
55015
39139
35051
29135
06021
29217
38097
28115
45023
29049
54025
38067
27105
39095
29139
51840
31043
17109
13153
18153
30017
17063
12071
17199
06049
01029
18095
54005
17113
47151
13117
13247
37057
25011
17077
34001
02290
13233
39045
08035
20161
05009
24015
39047
21031
06001
29181
39015
06065
42127
47147
42007
13039
51139
04017
37105
48139
40103
29023
27119
36085
37007
01103
01125
48507
13013
12069
29163
37045
47119
36009
48099
29167
12133
24041
37051
13285
51147
19141
01065
51173
36087
37089
17025
48287
26109
01087
29009
48367
30067
19139
47129
37159
01089
23021
13211
17029
40051
51067
08043
12075
42039
36021
29007
18173
49005
27083
48057
09001
27035
19079
51660
02170
13297
26075
17057
28051
47113
21029
17189
53001
28087
08045
48025
40081
45069
27047
37035
26129
06067
16083
56037
38035
13257
21087
28101
19101
48299
21079
06103
17103
05037
30041
12033
48005
48067
08093
06019
25021
12055
18147
40019
01101
06011
18159
21239
39153
21121
34005
26085
34027
34031
28003
27019
55093
23013
48467
37149
42119
27085
21195
42009
13187
17023
29159
27071
19037
19107
53009
20051
12086
06109
12107
42131
22073
39099
48363
19085
51171
47069
55025
37113
18117
51029
48071
19133
19125
29021
51600
39065
18075
44007
16055
30013
35055
48097
22079
16049
19019
29229
42019
48121
20155
33011
39173
21093
40047
