21025
25007
34003
08035
55043
28047
28133
20111
47055
12099
28091
47125
13187
40009
23013
36047
17063
25009
04001
51003
55099
17073
13275
17061
21221
51171
42115
18095
29139
40137
48027
01101
18125
28067
13139
17029
51775
37089
19031
47143
06039
47081
37033
01123
28083
22009
06093
24009
05125
37071
19035
26057
47043
05083
31159
55045
54025
40051
27013
19141
28049
48005
45039
31043
18099
19169
47093
29109
27163
47183
01043
53005
54053
49057
22061
36083
55047
21173
39119
35045
51191
37015
25023
51650
54005
12033
13175
53043
42067
39053
26155
01033
48141
36063
18163
39167
17113
05075
31067
04015
19083
19015
18167
27059
13027
09007
29003
17137
08059
51735
36043
23001
13211
48469
12083
01013
36097
09001
41019
27113
41007
44001
18061
37135
13205
51027
32007
19147
20045
13151
28013
06079
37063
37121
24011
18073
55013
05041
53053
55027
36023
29065
47179
55039
37013
47057
19085
28027
48227
05043
38101
39031
19005
17143
19007
20005
05119
19181
36041
37059
48409
47017
51175
48255
22057
19133
19187
29051
27111
20087
48179
40097
13279
37197
51135
54043
27025
05071
40133
51143
55057
36073
18127
30005
48381
56001
05029
19091
39143
51029
26035
08097
36115
50005
37171
13087
39123
05045
13207
02150
08003
27127
37069
19017
06111
08005
51067
19041
13229
36075
37035
48115
13059
26041
13011
30041
39155
45087
27067
54029
29207
17123
50021
19037
47009
48375
08043
55103
45081
39043
12057
28153
48199
01133
12101
37105
33019
08099
40063
48121
23015
48477
36045
18123
21151
54049
47005
40049
05077
12075
49043
47035
06101
36029
28139
18003
18105
48471
51033
56029
51083
28079
18093
39001
42133
17043
48099
28159
30049
39027
13195
20079
05011
51121
37097
34005
36123
19011
41029
40089
26111
56039
29037
53003
47141
37051
13137
21009
05027
18055
12073
37165
42099
13051
39067
49039
08083
49007
55095
29083
13295
11001
49003
37123
53059
54001
08051
28113
47045
45049
40117
16019
39159
49005
18131
42117
51089
21021
53055
39059
41017
47119
37173
12035
26113
55069
22117
39009
48177
17017
26097
55089
48221
18009
21029
54047
41035
17119
36107
29225
48265
13119
45019
20149
26129
01091
19103
41041
01115
29131
47177
13121
29201
29073
13107
22121
39077
28087
19137
17031
45055
39065
42055
06103
48365
42019
06067
13267
12103
51013
48067
01049
02020
02110
13189
39151
29079
01041
40073
39035
13313
29215
48073
45077
45007
35001
54027
06107
26121
13123
18091
12123
27103
05121
48209
06085
17075
40101
13017
01079
28057
41039
13185
45063
48181
48277
01117
21001
47157
08123
51031
18173
49047
01089
48259
21127
12021
18179
39081
18119
12011
40061
53063
01015
05115
38067
27085
23029
53045
29077
39039
47087
29161
48217
28151
56009
27001
05037
38079
22047
47151
01023
25011
13031
47019
48001
55115
26067
06069
45037
17187
47171
54075
35051
47117
26115
02090
28145
12055
18019
21193
12019
21199
22055
06043
26039
25021
21185
17077
54041
53015
18157
48097
21111
39169
29117
51087
17183
53009
19193
47165
40037
39161
05063
26049
36113
37117
48341
06021
05051
40013
17185
05087
39103
22049
35006
51139
21163
20061
13297
05023
26123
13247
22065
39005
35025
12007
55005
22027
50017
24029
28137
51670
55019
16001
30081
39055
47059
29510
30013
19055
39041
46109
28071
01107
29133
37185
26009
35013
47041
17039
28031
28025
08069
13055
21035
12085
29119
40105
17189
36059
51660
17163
21017
05135
29186
01129
22013
18051
27057
44009
19021
48223
28085
42105
26149
26037
36061
26147
27141
10003
06047
24023
23021
29183
13077
54035
48231
13257
42017
27021
51177
30093
08101
13033
42075
13157
36049
19127
06057
51095
49053
12105
56013
46103
39133
51820
26131
45013
08075
17201
51550
06099
21167
47089
45015
42071
17177
37087
12061
21195
48167
48507
37151
21153
54003
17115
42079
53065
19025
17107
18047
51147
13021
55023
09009
50007
34033
19087
48015
54061
17199
19123
47113
05019
42103
47079
56005
50003
26027
36121
21231
29049
13223
47109
51683
51187
21043
39107
51760
48395
42069
18057
30029
26061
37161
06055
39071
40035
47131
17099
13069
36001
45059
20155
18065
33011
46029
05053
24510
12051
42119
21015
29187
50027
54019
17103
36005
42073
05033
19065
47187
19101
37055
08107
39149
42109
29189
40027
06029
51109
18165
54089
55009
40125
27061
06075
01061
46013
51510
22039
21079
13083
42111
18169
21093
21219
42125
25001
29165
44007
19049
48457
27093
41053
45029
21137
05067
22115
13143
08041
12113
16049
39111
41005
53051
48293
28061
01131
26065
17025
05103
40041
20029
08077
39105
01095
40011
34009
48039
13219
18021
37085
42129
18147
48183
55007
28109
42045
41043
48389
12003
48361
18137
22093
48071
53073
22095
48281
18121
13039
42007
18117
45089
21179
06105
06071
17015
48297
53037
56037
01067
42031
25013
55015
13103
19099
06005
45003
06027
30017
20125
47003
12001
27099
12017
41033
29053
37113
28141
51065
39173
18177
37053
18029
56033
34023
27117
29217
16065
29013
48463
17045
55029
12037
17053
47167
26099
18111
27027
08013
40113
32001
48323
51570
28001
42003
19029
47053
21117
48057
18145
48053
18043
53017
19047
47123
38093
55021
47051
36111
47013
51077
45001
21183
21209
26085
56007
22011
34025
16011
55001
39069
21049
26151
37129
16055
35055
22127
21121
12063
56023
29157
31053
41071
53035
32003
48349
48113
12089
51069
26119
39115
51137
41067
29135
27023
22071
55061
37011
19179
16005
30053
20133
31089
18015
22051
34039
55107
25015
17131
35009
55083
48241
20035
42101
13221
01077
37061
26075
42041
26019
37057
48337
47155
26005
22041
05001
27121
12115
55137
49021
06115
28051
47099
48143
45071
50001
48003
37031
12127
05031
48061
01127
56025
48397
26163
06087
48451
26091
55125
18087
22073
38005
06089
19107
16017
17191
48041
29127
40131
29213
18153
45061
22067
55133
13199
55049
48367
13129
42089
48093
40115
21235
21099
47185
28115
15009
24041
40107
36109
30083
01125
12059
47133
12081
55097
48329
30063
08089
36011
29015
21055
22063
47037
25005
27129
47107
17203
27083
27079
13089
32510
56015
39131
48485
55123
42061
48117
13311
31151
01001
29069
51025
48401
36119
38089
01111
27003
39137
35031
37139
18059
45085
38099
09013
06113
18089
51093
21047
34001
54083
13127
40087
19059
12079
27017
46093
21113
08037
29147
26145
19097
28007
37001
40079
47011
53049
27043
29105
16053
42013
29155
27109
18027
47085
01045
30009
26073
37107
36017
17161
09005
34029
33001
21177
42085
45083
31141
27039
22101
02130
28017
42001
01051
20091
47021
13075
01053
53047
20191
18017
22003
39091
39101
12069
06083
01017
55075
20057
22113
22103
46135
27047
41013
51169
29027
13111
39051
48189
51005
01109
18075
23011
22109
27157
18083
53071
04009
01057
22043
53027
42059
39157
48135
22005
26135
17089
18063
17195
49049
17135
01121
47149
17003
55035
19057
29177
19109
18035
44003
31001
01055
39013
04021
41065
18005
48497
51105
42047
12015
06095
48503
17167
27145
18069
19145
29001
54065
48203
48459
22053
49051
36009
54099
02198
48353
23007
34035
48399
48427
21051
13163
40083
08015
48007
51183
42087
29167
27171
26063
08039
44005
28023
48249
36067
17173
08085
39125
37159
45031
06081
34013
50011
21175
06077
48321
18031
12086
04027
21211
48299
33009
37181
16075
32023
20103
27015
24043
55129
42097
37119
42025
54087
33013
40135
29047
39075
45043
27139
26141
22111
48355
12087
54079
13105
20015
37175
37077
20177
06063
39049
06033
19019
37047
12133
25017
06023
17057
26137
20051
36105
06049
01003
48257
42093
12095
18175
47039
16031
01113
24033
50023
19023
45011
36007
40039
13227
17157
35041
32019
38053
35027
22097
38003
29175
31155
20115
01081
27119
19139
51035
47069
51023
45051
37127
48407
36117
41001
26161
55105
53007
39145
26133
17041
24047
31119
01019
06015
42065
51119
20139
27095
40023
54009
42123
21067
37199
17083
05055
48499
27019
29169
29009
20037
34017
18033
22029
47159
51810
05079
47025
48145
17111
37167
13215
26053
20055
29095
27037
51153
12005
29019
40017
24027
29107
13321
45041
41027
06035
36025
47075
36089
27105
26081
02290
49041
48185
13073
26021
37027
28101
40109
27009
17091
46099
51071
05091
46065
26117
48285
33003
24025
51700
28135
47001
39023
36077
51179
55059
56021
42005
20001
24019
37083
12009
20209
01073
51051
48387
51167
35053
51009
41011
22033
08007
42015
39171
18049
42121
27173
19045
04017
55141
18139
23005
27053
28045
22077
13117
51161
55109
04007
13147
13299
26033
01035
48035
27049
29159
41031
01059
48493
40111
51690
29113
53061
39095
28123
36069
20161
21123
06065
18045
47073
19125
48055
28107
20099
20041
47091
36021
45021
51630
28127
23031
05069
46005
19079
21081
30031
39037
39087
48371
39047
13113
21119
39175
47115
36091
17121
26069
45045
48489
47173
21013
27169
51099
19149
21157
37079
30047
23003
06025
28093
42127
47061
12027
05131
34041
29115
45069
18067
23025
38017
54011
45079
48147
21227
17149
51680
08067
37039
37007
48439
19061
48201
36031
01025
51047
17139
15007
13019
55067
17027
17001
26017
42063
39017
36037
37045
42049
05081
51075
05089
37153
48091
28121
51041
48303
17097
18097
22017
37019
26011
45067
16069
51710
24031
13255
47033
13317
19157
13115
48291
21115
19105
53001
18053
39007
41003
17037
01087
13177
16027
22015
02170
05149
08001
37081
48085
30003
13057
48441
40021
37065
47031
40103
05133
39113
18181
29111
41047
54097
48245
04013
21161
23019
21027
40031
28043
55121
55033
45023
01085
05059
19167
37115
53033
28095
27143
10005
36087
53075
21087
45033
49035
15001
53041
42011
26031
29093
17023
48149
12119
37067
47047
36095
39015
06097
35061
13091
17133
13277
13045
42107
12071
39085
21083
48363
39147
42083
17179
21103
48453
17105
21071
05143
55065
35049
13099
32005
35035
28003
29029
29121
12049
19033
48313
06053
12111
48481
31157
42081
37145
13015
06009
05057
12093
21203
18129
13135
01005
54045
01009
36027
30067
39093
31185
16057
49011
54039
42043
37099
51740
39129
05107
45027
40019
13013
55025
28081
27063
26105
19163
19027
19153
21107
48049
26087
37183
12039
48467
24013
54107
41051
26015
54033
40001
06019
08117
12053
36085
21207
01099
55135
01119
18037
54055
04012
31041
51520
31079
37157
39089
17021
51199
37109
29099
39019
37093
54051
28059
51195
21101
26007
45057
26025
48487
17109
26139
37025
55085
19129
29071
06041
40141
40095
21069
06007
26157
35039
47163
22045
06001
21135
48171
13231
35005
35057
29101
21031
55041
18011
34037
34021
48123
51770
18109
28033
51590
48029
55127
32031
20205
28035
09011
37049
48419
17049
24001
39063
46081
25027
38059
08093
36051
39135
53029
38105
29163
23017
17081
10001
48253
29007
21205
18107
51600
55117
39079
06059
51149
04003
48331
40139
26165
26101
21089
54109
18113
21019
13131
13273
54059
47147
05141
20117
35015
48187
02122
35028
54103
26159
49037
51540
47145
09015
05003
19013
22089
26093
28089
05113
08029
45053
40123
28039
17005
55079
48213
36093
22001
26001
28011
39003
15003
41059
54077
05093
55071
22085
13241
37133
31055
01029
06011
06061
20121
24035
51163
17007
19155
36057
51085
27097
05111
48219
27123
13293
55003
01069
21065
01027
17127
21171
26103
26023
28163
26125
32013
16013
18135
20169
18001
19075
13315
21097
30035
18149
29219
17067
12131
20059
50025
26109
19043
39029
27071
21061
51800
13001
21133
05085
23027
17117
05123
45035
05017
19191
29221
29091
12107
40147
34015
09003
48449
19113
34031
12129
50019
17197
19175
06109
18143
39011
13179
53067
48025
40015
37009
40121
33017
36035
29043
20009
31019
21147
39109
21225
28105
47129
29223
39153
55073
40065
26077
37141
01103
28117
18023
49045
24005
13237
31131
35017
13009
42021
13145
17093
21003
13305
40153
05065
13067
48233
37111
22083
12031
21215
27033
29055
31177
40005
37147
36013
22099
37195
41061
45025
47181
17141
01047
29145
38097
18039
42095
36055
36071
42039
27035
27055
01039
17101
39033
37125
37137
18159
53011
45009
48251
21213
51001
53025
47103
12109
13291
46035
48423
54037
25019
35047
51197
13217
29181
08071
47065
27131
27161
26143
24003
41009
45073
55053
06045
21239
51790
37191
39083
48279
37021
54081
39165
13225
55055
48491
05035
39139
27153
16051
48479
21037
05007
42009
18081
48215
21125
31153
48013
19171
05021
17095
17055
47111
48309
54067
24017
26089
05015
18013
33007
55063
39099
39057
26055
30087
06031
19081
21155
33015
08014
22007
55031
17145
13063
05145
26079
40071
13233
48325
55081
31047
37023
18079
39141
29143
29023
19073
20021
46083
39025
28029
33005
17087
37017
21233
54057
51173
47105
31111
05009
29229
05005
38015
47063
19165
51059
47049
13097
36103
45091
42037
47139
13193
29141
18041
28075
51193
47029
36039
42051
21141
27151
01021
29151
19067
51015
51185
19197
29031
37155
24045
28149
01083
29209
48473
08031
22031
