47097
47021
51185
05007
19063
13033
39015
04003
22045
29223
47011
42063
45073
37015
37035
42013
18139
26127
55019
12085
17179
13211
32510
19091
09013
01099
51175
48407
36027
27129
48473
01119
06093
28039
48353
24023
39143
28067
23003
13311
13147
22037
17193
36105
27079
42097
27049
54075
53051
51153
31089
23031
26073
16011
46135
18053
28149
47055
21051
01013
19171
48179
54097
53057
12009
17085
48463
36041
29127
23011
18027
19111
05089
13255
18001
42123
47079
05041
51670
38101
18073
28135
28013
18065
13001
13021
47189
50025
30009
36011
18177
20139
55031
47141
39137
48351
17105
48141
27035
47037
12091
48341
48123
51820
42079
21081
10001
35061
40087
17115
06115
53037
31001
26053
06017
12121
45077
47065
37093
47029
04009
06099
37019
53055
48277
22117
55069
55111
28085
41031
42033
12107
13163
48467
12057
39139
18117
23017
48347
18079
08039
53067
36113
08085
37047
48255
53035
36059
51141
51071
55095
22069
17139
36097
29147
48363
39161
18063
48415
55059
05113
53029
01041
41059
19123
18109
02198
19133
13245
29019
02090
18049
13111
41027
20175
37139
39135
13153
51047
37085
11001
48203
35045
20115
22097
13059
12075
17127
26117
29051
37045
24043
36087
48493
38097
36013
08029
35035
36043
13293
48397
42011
38077
48171
39043
01061
23009
37199
05001
20113
17199
13251
17177
24025
08099
13073
06047
34013
48249
55057
22067
20133
17167
42045
55043
05125
40051
48115
27171
38079
26111
27119
26149
26043
38053
18173
01111
26087
38089
54001
28071
41067
20037
05139
28059
51023
38003
54033
12061
54069
48001
18067
55121
26049
34027
17173
37159
18175
16039
40079
39123
44007
13019
47107
19025
55053
47099
06011
19081
36045
01029
26041
24027
47115
27067
05003
19047
17049
06035
13039
48365
21021
29119
39033
06109
23015
45045
47181
17015
12063
12049
18089
56015
21225
17023
13105
47125
36103
27135
42077
12011
01051
13121
35001
20209
13233
39111
18069
10005
51083
19181
12113
20041
09011
29121
39049
48199
21115
53025
49045
47105
21195
22085
51041
08083
34017
37087
45055
51840
21157
06095
42021
39075
51059
26101
05085
21025
26059
45029
20009
06015
27089
35039
56005
13199
48241
13135
39077
37079
47017
29165
51165
51033
49047
51161
19031
26017
40001
48297
17157
47031
13115
17197
55047
54053
12133
27037
19153
42119
18125
39059
47063
38017
39127
01121
48091
01057
55119
35006
41007
40095
18051
05075
10003
28123
37083
54079
48161
51085
05121
05023
01055
21035
13017
26037
16027
34031
31053
26035
48181
24035
19125
36093
18131
41043
28093
37081
13095
48457
28051
24009
54025
29135
55079
48373
51770
08015
26107
13113
06029
22093
53045
19045
01087
40047
35057
55133
29143
48303
26055
37003
20087
50007
09007
42089
17039
29001
29073
53003
22029
23021
24011
13215
17113
29175
18113
37009
21193
13055
48323
01059
18059
48499
25023
22043
51730
37157
28121
17195
45079
48057
26069
48005
36107
53053
13117
51121
33003
19197
48337
29009
18015
39029
42083
36079
51101
06097
40135
12015
28127
44005
06023
17111
45027
50021
37071
19175
51630
02020
04021
22051
18081
38099
41047
55007
13207
29093
40089
26139
30041
17089
47187
30035
48313
20149
06085
28083
48021
16013
12079
47047
50019
26141
17147
06069
18127
48039
26025
53021
48453
05115
46029
18045
18103
36049
27061
29065
37027
19049
06053
26065
17025
42115
48361
47183
01001
29109
29163
27023
19155
54005
22089
17043
21045
36115
21047
49049
27003
40137
01125
36123
45051
45035
21065
20177
41033
51173
13275
25015
12039
26089
53027
39027
26009
26005
55077
05017
22111
19087
18147
48067
26045
48451
30049
26077
40105
55127
12086
18153
28145
35043
12019
24039
19019
36089
51099
42105
48037
47005
33005
21209
30087
51109
35029
29133
13297
05033
27169
55075
48225
19059
21173
17117
29013
17055
33017
19137
22095
26125
37101
51107
49039
06113
40065
13213
42025
51800
45019
51069
17063
41013
46099
45015
42051
22039
27043
51027
42047
17203
29027
12115
18031
12123
48469
48221
24037
05077
18129
05029
13031
26133
48459
06077
08003
39073
18075
13219
06079
47091
47013
46005
13083
55131
37147
26071
42103
28017
05055
37069
29151
36119
40049
21029
48133
27071
39087
39149
47069
37121
04027
40147
37023
25009
20205
37185
40071
24005
54011
21031
18141
13051
29221
18077
17181
02290
27161
18123
27103
35017
42125
21177
01083
32007
21089
48085
26115
19165
37179
49053
17003
47053
20103
39063
41001
39065
19191
42091
40015
06033
36121
55125
01031
23001
36001
35025
42111
13081
56023
54083
05009
31067
05053
12017
26033
06031
18003
40013
16083
37077
41071
31043
47081
40145
22003
51067
40083
27147
47073
28099
45047
47139
27139
13067
27137
13143
36057
37133
40153
45003
54057
42131
13175
54029
28007
05063
26137
21019
20059
18039
37031
47143
55137
37153
24041
56033
17057
49007
08037
30017
48231
06009
21079
55027
01101
49043
41041
42075
13169
22041
37127
22119
29047
48287
19073
29195
22065
13011
31047
48093
45021
04017
42073
55089
19139
16053
22071
54061
01043
29510
39045
28117
54051
36047
05123
17131
01103
12071
37195
54009
48071
28079
22113
39057
48491
26023
51760
47149
16069
40115
36039
36015
16065
36063
27001
48293
51520
53005
13247
13129
09015
53061
19067
34033
12095
42029
17037
26079
17091
42041
18167
51061
29189
21067
13305
40019
39173
26135
42109
48455
29015
46093
48349
28043
42117
37149
28105
45063
13241
06055
19167
29187
32003
01085
46013
01067
55117
53071
31025
45089
39099
42049
16075
08007
51680
21111
28163
42005
29117
41017
19017
51073
39011
21015
51015
27163
32013
35015
16031
18107
42015
39131
26029
12055
37099
29209
20191
25011
48427
17083
13217
29043
13303
41051
53007
29031
48113
51119
42133
37051
51075
22001
39069
39141
21027
40037
55105
51740
56001
19105
42027
51089
39013
45025
48479
51183
19023
19127
48245
21147
28141
12041
40111
49005
45049
53049
50003
18013
51093
51051
17001
42087
21137
13225
28049
39157
45033
48029
05111
28159
06057
17123
19129
05069
28057
40011
36085
23007
23013
28011
36023
06061
18163
55141
28045
45037
19079
45057
19147
19061
37013
08123
40097
46011
27097
08001
27117
17145
18087
17017
01033
05027
48387
55005
29201
26027
17107
47123
20029
26007
37055
15001
55067
13027
21055
17087
51199
38105
19145
13009
18091
18165
19117
39035
18023
37135
34029
56007
28153
18097
27053
29131
36091
39175
37111
13221
13267
53047
27173
48013
27033
04013
21213
29107
12101
39081
35051
22009
26131
22109
21179
17143
20005
13075
32031
01071
26081
22017
06005
37167
54103
47039
19107
26155
39095
22047
17135
05011
48185
08051
34039
18119
48099
18005
47071
09005
12083
40023
22103
47075
21141
18135
48339
29095
18037
51550
19149
48089
34035
42093
28137
12073
53001
48449
17187
19037
24001
46035
24019
01131
21235
26151
31141
21097
55073
48135
54039
17027
39071
21107
21103
24045
12053
40061
13195
27141
51167
22115
17189
47001
01027
48355
36075
54003
31079
45087
30047
40113
37141
45031
53059
27127
54019
27113
21231
48367
16049
48215
48325
17183
06067
06105
30029
18009
51187
22077
20055
37067
26093
19015
18159
48117
42065
12111
37057
25003
37189
37165
08097
33015
08117
29053
37155
12001
47003
18011
18035
28087
12109
50023
24031
39133
39115
51077
56013
13097
48371
40009
20061
17165
26147
21233
29145
17021
20125
48251
05019
47057
51660
22033
06013
29071
19183
26159
47131
19179
19065
26103
24510
21013
29229
48477
55107
12033
37137
26061
22075
48401
26015
13157
20015
48147
35053
04015
42101
55009
45061
48177
05021
36009
01129
08075
48219
05065
40081
21135
49057
37173
22087
26157
47045
44009
26121
18017
45001
37059
44001
02122
21009
35031
51149
21183
24015
12007
51087
26085
04025
13227
12103
06089
48157
34001
20155
01117
40021
13223
27041
47165
01109
48201
26047
06075
46081
31019
19035
05043
25027
47109
29023
05093
06043
06081
26105
47155
48285
55011
22013
54109
09003
28029
27027
05015
40091
48007
17133
38093
25001
51025
19005
40125
23005
19103
37129
12005
16001
36081
40139
39171
39155
40143
19021
31131
55029
08071
17191
48329
29077
36071
06045
01095
01089
27091
06027
05087
28027
29003
36111
05143
08101
36117
28133
13285
37025
42037
27039
36037
37037
12081
05031
22083
48465
45059
40109
16067
55113
25019
30005
48051
28101
18071
12059
26143
12119
27157
18133
56021
21185
18099
19033
21145
01017
28139
40063
24033
13047
15009
48279
51065
51193
36017
36033
12127
45081
18019
02150
21095
29037
19101
42035
01107
42071
22005
13145
31177
54047
13089
18151
45007
45091
27025
05141
39091
55021
17185
05131
12037
29021
41003
36035
21085
27013
37053
49037
18095
13237
45071
29177
13187
34003
33013
28003
48265
26075
13137
21037
04007
48217
21087
54043
54099
40141
48409
08113
37033
55081
30083
48061
20057
51510
29091
42129
06063
40123
46109
05057
17029
22127
28047
37017
22073
21017
39023
21127
05051
48471
27045
01047
01115
29049
51540
48183
18055
48097
01093
48209
21099
40073
02170
30081
35041
21211
19041
30111
51775
47035
49051
13057
55103
27083
29161
39021
18179
47103
55123
22055
50017
12069
48167
21161
48041
36005
39001
47085
54041
29099
55045
42001
18137
54087
13069
55049
55041
13177
37011
51143
26129
48189
49041
18143
34019
19113
45069
25005
37061
26001
39151
51009
48441
21239
27021
28075
51013
13189
42031
39109
27151
36021
21125
47171
17119
28115
56037
54067
51790
54035
01023
27065
26165
17067
42099
02110
24047
20051
40101
55115
37039
39037
01019
55109
48507
34023
39167
55035
22063
47179
21227
37105
15007
29155
26099
31041
55003
33009
39153
30031
27145
18181
37163
39079
13321
12131
01073
55071
21203
33001
48315
40149
48375
49011
26163
29055
39017
01007
51163
51003
47111
05135
28031
19095
25007
48489
48321
48395
25025
24021
24013
25017
01025
28001
35028
55065
13071
40117
48291
18121
51137
37125
55055
54049
42061
19075
48299
13185
19193
51005
53015
05035
32001
37089
45075
46103
39025
42003
21151
55085
54077
22121
27095
27121
27123
06065
42007
36101
51105
42069
18169
01005
12117
37049
18047
55101
13103
37171
05081
48187
40103
48003
23025
47119
23019
37191
18043
05059
26057
09009
47129
28023
06041
37193
30093
21221
19043
28089
26119
16017
21043
54089
31155
45053
12089
36083
41011
13279
48259
29186
37131
29181
19011
17149
47133
05071
01091
17141
48015
30003
31109
55039
53011
35047
35049
12027
48381
21059
18021
17137
08069
18085
48309
06059
37145
47185
47167
48423
27099
51029
17081
12129
19085
51147
39041
01079
21205
39003
17095
28081
45041
26031
39129
51600
26161
51145
48273
29101
47093
36067
17163
39089
41053
21217
37107
47113
53009
12023
16005
34021
47147
06025
29111
21113
19157
39055
19187
29083
26063
18041
18093
08077
42059
27059
36073
48233
48485
38015
51650
55097
37113
25013
19029
55017
48439
48073
48503
29217
33007
05107
51035
54081
47041
28061
08093
27055
39061
45011
35013
37097
27047
33019
42067
13133
25021
17061
55013
20011
51735
20111
51191
29105
47157
37065
50027
24003
29069
50005
08031
40133
13053
01015
39053
01003
27111
38035
48399
21155
51700
21061
39009
39125
12105
22053
55001
17201
40027
44003
21073
13107
55015
51117
17033
26039
51810
19097
35009
28109
38005
17051
17073
21005
46083
21069
04023
17099
41061
29167
37115
16055
39119
17053
42009
51171
48027
51710
18145
48035
29213
01097
47043
21003
26091
45043
08045
47089
31153
37197
28033
05045
27063
08119
53077
53063
21167
13291
16019
06107
36055
15003
13123
02130
06087
41035
22027
13099
06049
13013
21093
19057
28091
39083
37123
12021
22019
21219
13317
48053
26123
01039
21215
19163
06103
22031
16051
17007
55139
42085
36003
22049
51590
27005
34037
51177
39067
21163
50001
05119
19141
37183
28035
19169
08059
40039
17031
27115
34009
35005
55025
21175
21133
05133
29007
12097
17103
18083
36025
39159
20173
27057
13231
13229
47151
17075
17045
53033
40035
08087
22015
42121
13119
32023
21171
54045
47025
13077
45067
17005
12093
31119
55061
29159
22099
01123
08107
22079
06019
05091
18033
13299
29079
06073
36109
48223
13091
21049
12051
22011
47051
41015
01133
39117
37119
13257
49021
28025
05079
54055
56029
39005
45013
41019
53031
06007
47009
13179
13015
31151
13261
41057
20161
01053
34011
22061
08041
29115
22007
48419
35027
42127
04001
13313
48213
27143
05005
47033
55087
21153
05145
36069
41039
24029
29097
21199
20035
32019
13315
55033
39019
19083
19109
13139
37117
39113
56009
13151
34025
48149
12031
31111
31185
37181
17109
26113
13277
48253
51179
46065
19099
27009
38059
51683
49035
48143
13127
36061
42107
04012
41005
29139
42055
47077
30053
40107
51001
47145
17041
48281
47163
42019
20001
21119
22101
01009
47173
54065
08014
47049
47177
55129
17077
51169
06001
26109
19161
39085
30013
39169
21071
41045
27153
13273
34015
51197
