46005
27059
17195
47005
29079
42103
39145
47157
28025
22009
13219
29065
20005
55069
28159
01015
45089
31131
48231
26015
29019
35053
48157
51001
48099
39155
55003
36079
36059
17165
06027
01051
47107
36015
05015
40113
33011
34015
45077
42039
06071
32001
30081
56021
13221
34023
18045
19031
36095
21185
24017
36017
30063
12101
34031
02122
56015
35027
28151
35045
40031
37199
05029
13179
42107
08045
51683
26129
48209
27171
18027
51137
56037
39009
51710
47029
40141
53073
33015
26157
04005
13053
41019
41053
26137
51067
28023
27131
01033
46083
53011
13097
39101
18093
18035
40087
15001
44007
21111
53001
06059
27089
26023
54089
31111
18059
13153
54025
17123
26061
20011
18125
41047
17139
47001
01133
47165
49051
55081
05003
47151
12037
36097
48439
51135
23025
13217
51167
06019
53033
20059
42025
47071
48387
48055
06055
21019
21193
32031
13009
37111
29181
29023
13015
29093
19183
21153
47189
53005
23015
05045
08067
55077
28113
01005
29053
06085
48355
17075
17163
55019
27013
47099
12071
19085
48477
06049
12061
55135
27103
08037
18133
23011
40143
29510
02020
54091
13115
21117
37155
48463
48177
29207
26035
48293
55123
27083
39157
39001
29113
37049
39119
41029
51047
39173
54097
19007
45009
49043
22103
47133
48171
51770
29165
20035
51630
18151
28093
30017
34019
45003
17143
18037
12075
31177
12091
21213
29135
39127
47129
05085
47181
19105
26009
21115
49021
18139
