55035
40073
47141
18005
28135
47105
05021
05131
18053
42065
51105
20125
55103
40027
27059
26117
39137
40063
48463
18143
39041
18175
13147
13069
12009
29175
24031
39113
19157
36121
19021
17051
06013
13291
40079
12113
45061
08013
47123
39055
47057
32023
04012
15007
56013
47107
48279
42037
48225
21111
19011
22039
34013
01067
19059
42001
06087
48347
48309
12031
25027
41045
39057
28149
16039
55113
39039
19197
51730
20115
16067
21065
40119
36025
13107
28025
48123
25001
28093
21003
29207
47059
09015
39087
38005
25015
20009
17195
42117
22029
55123
27169
51570
26041
36007
23027
31153
13139
48349
39097
17203
29043
26163
20005
17061
08107
42091
42087
49021
42059
48419
21013
51740
42123
05103
13133
51540
26099
48189
36063
27137
24003
47047
32001
26069
37109
28085
48491
35035
47125
16017
48341
55085
05143
45043
17165
17185
28127
39077
42027
26025
26015
22103
47055
26135
24039
51099
06099
55023
05065
36019
55131
06111
19065
48259
28099
48231
56029
29219
26143
12005
15003
13177
24019
38015
12087
18113
17049
29015
37195
47189
21155
49037
55119
37093
48427
28075
13077
51775
35029
06097
51051
51165
26145
47145
48473
48147
46011
19095
55141
36059
26019
01083
39129
21097
17007
26033
47053
27041
31055
38093
55049
13017
13193
13019
21103
37155
55065
27145
26017
26149
53021
51760
21027
13303
13081
26125
18085
26107
48497
51187
41017
06029
17073
22049
06061
56015
