23009
01065
26029
48351
21045
17159
37163
37179
55017
55093
17165
55139
08087
13261
36019
17147
04023
55119
45075
22069
51165
26071
55087
36079
47071
04005
48225
48347
12023
16083
34011
26059
01031
51840
22119
41057
18071
39097
21073
22087
48157
24015
13169
39127
26043
40149
27041
27089
39045
54069
13071
04025
12121
34019
19161
54091
35043
55113
42027
27045
17033
51117
39061
13251
13285
27147
24037
13095
51101
48455
36015
22037
51145
12117
48273
26127
18103
26045
37101
21005
25025
48415
34027
42035
48021
20175
01007
48287
37189
13047
53057
40047
42029
24039
28073
38077
40143
26047
19117
20113
13245
55111
24021
29097
48051
36101
21217
46011
51730
41045
27007
48089
21059
48339
22075
06073
17019
36081
48315
53021
37131
17181
51107
53031
18133
18183
08081
36099
36033
51141
13133
21145
06017
19111
26051
36003
40119
29021
30111
12041
37149
12097
42077
25003
27005
55101
19183
20011
18077
01093
17085
34007
55077
27135
41015
18085
13153
37091
39117
05139
22079
39021
22105
50015
48161
31109
21095
28099
37037
19095
01071
22019
18151
17193
51061
12091
55131
17125
21085
27091
13081
29195
17011
27115
16067
55011
13053
13303
45047
08119
26107
40091
53077
37193
13213
08113
08045
20173
37169
16039
40081
48133
48139
48373
37003
42091
01097
48037
48019
47189
48465
35029
27065
47097
38035
06013
39073
51073
42033
27137
42131
40145
31025
18141
19063
47077
17051
