42081
27009
27047
13113
48249
08075
06033
55097
45045
12095
42065
54047
48143
54039
13137
23027
39081
24041
27121
55031
37185
51041
01083
25019
40071
26059
17021
36115
55033
29221
32003
13145
36017
18099
27117
54035
26061
29021
19087
30003
22041
51137
51135
06079
50021
54061
40137
51183
48499
28083
55005
51139
45033
42049
30041
16039
13073
13317
39161
47157
34013
51029
12133
50005
17023
08005
39055
13213
31155
08013
27023
56039
44007
18165
08119
36119
48285
17135
53011
48279
37105
40027
01113
55093
25011
24005
41045
06039
29225
35029
19073
49039
37129
37081
01049
05067
39025
12093
22075
48449
12011
39003
18109
39145
01101
48177
47139
19169
29219
22097
46035
05057
34023
40117
05033
39093
42043
19011
48309
45003
25013
18125
51700
13013
18065
19181
17139
19145
21003
17125
40051
41029
29097
20161
19057
53063
13075
17085
22083
36011
29023
47113
39157
01069
39133
18175
37119
31151
48457
28137
22033
28033
18103
48329
20115
26047
35017
23017
01003
12085
17017
45041
19171
21013
21019
35045
36061
10005
48049
24033
28127
40115
41039
13135
37011
18037
01115
51099
29107
29043
18079
36039
19031
13027
19129
05069
22051
40023
19017
39135
29029
37085
41061
26069
40049
55047
39073
39147
42089
21233
17109
13143
48297
47089
05015
12079
37171
29175
36001
48361
13087
18089
16011
41019
47025
30083
48281
51171
47075
05041
30053
28081
06097
39113
33007
35005
55041
