12003
45001
16049
05033
55011
41047
27129
37009
18141
46109
51179
20173
26131
17143
48373
30013
19111
32003
55111
21213
28049
21175
27111
39089
55009
48363
41013
36027
18055
22089
45049
37159
55005
36007
41031
46005
39025
05075
02130
32005
18163
13187
04009
48015
55139
04005
12097
36085
38105
18027
39143
29157
48299
18181
16027
48259
30093
53059
45035
16005
18051
01007
21157
36115
26091
55085
17007
26043
29225
42127
34015
38097
27049
16011
08113
26039
28163
38099
21161
21137
13207
29151
40115
51520
47107
12089
17135
47159
13067
13293
55061
51167
05035
51700
51069
19129
22063
21133
39097
20037
24039
20205
04021
31141
06041
09009
06063
40141
17029
31055
16013
55073
37071
37097
13241
17105
01125
21163
18011
13315
28085
19109
39013
47149
13009
40039
51147
48133
47063
25003
47119
54055
21059
28099
21231
33011
48277
39153
45069
39049
27147
51065
36011
48493
34031
26135
42081
48303
55043
46013
05125
42105
55007
26165
48457
50019
20139
47157
48141
06061
48471
23029
27135
05053
56001
53065
21117
26027
51095
28017
24023
01099
48325
53005
29181
41009
13275
18021
40081
48397
25005
26015
19157
29013
13233
05089
42069
18075
47189
01091
08059
19095
48497
40009
17187
22049
13129
01095
47039
33003
26137
48323
31119
36005
24001
26155
47049
17091
53051
08081
05079
47071
36091
48503
24017
37175
35015
37003
49011
48281
13087
27019
06099
16083
39003
27039
17093
