36071
19147
37151
37183
35006
40145
48133
55105
26057
32007
16053
12097
01089
32013
26111
31079
22039
51183
29181
36089
26099
10001
42069
37171
12117
22019
45049
31041
17061
48351
51085
29111
42019
48085
27083
13321
40065
12099
37089
37025
51109
12051
56005
35039
21025
48249
27045
37039
41071
01093
17173
56033
55021
06033
55083
38105
18093
06069
09011
01103
38101
38035
21231
23005
48179
51143
40063
42063
26087
26015
20115
06055
41029
13217
40139
29165
18073
02110
48371
53061
51139
54005
48439
25009
20057
48223
51105
19015
47107
53075
55115
30087
26081
51117
02130
47073
39007
23013
30009
06099
37063
35041
37009
27015
28163
48341
20015
08043
36055
02122
46093
17189
53007
01121
55039
06047
47143
36035
36063
24005
05037
27017
28101
16013
39099
55001
48015
24021
18045
31111
54081
06041
47069
40071
47025
49005
21213
28073
39001
55111
06097
25003
13207
13311
26159
37153
29147
35035
21145
21073
37133
40037
55035
45027
26041
28079
40049
17159
40081
05141
28095
55063
48149
51059
19145
17105
37101
53071
31153
40125
51165
56021
17103
39151
06019
29071
19127
39005
48185
02150
05003
13021
17043
51187
48177
51067
55019
37117
39155
37003
26117
17057
17017
47171
39115
21029
37125
27141
21049
48199
48297
29001
39063
48221
13227
17109
19097
29049
28057
26005
18043
34027
26093
18143
22065
28139
20191
47011
29097
06049
34041
06025
47045
49039
32005
36097
54061
17027
41041
19083
06065
48245
37059
37135
28011
17183
08077
47139
27013
27007
13095
29051
31177
45081
48123
51840
53011
17137
51550
01069
51009
30067
45015
42003
49047
56025
47029
33009
22051
48487
06053
17085
44001
19047
47081
36099
36005
55133
21233
24037
26065
54039
48401
45047
22117
13069
47057
29047
12033
51690
39109
05011
47117
13137
35028
13185
29083
13057
37199
37081
18037
19179
08075
19079
51163
20061
40061
46029
55117
04001
12027
05133
01055
47133
01087
42073
17053
17083
48389
18131
39171
29141
01023
49007
51191
21209
01115
22053
13193
13237
56009
27091
27065
39103
34007
24009
44005
54109
06071
13163
42123
39101
48285
39113
51600
51195
06061
05121
42013
48299
05103
26075
27147
30035
27151
06077
16055
36057
01067
13219
51107
01035
29131
26035
42115
13225
55053
05015
48091
49043
22101
04013
18089
17101
05091
17005
17191
35045
13255
24027
17123
27025
21133
55081
39069
22103
51083
12081
19041
29215
18019
29163
39039
21211
55093
01015
13285
21175
19021
28087
30029
55027
40031
20091
51590
22029
48233
48135
36061
37185
51167
06063
19037
12085
39073
04003
31185
05093
49003
54055
54069
40001
21217
42091
35061
40089
13247
54047
19031
35043
48489
19141
47109
37127
46109
32510
37179
48353
06023
36081
08045
29119
26031
56013
41027
18113
17181
13017
29133
45073
12041
19165
17187
05139
12103
47099
18017
23019
01027
36103
19065
36019
40143
34021
26029
55055
01125
18069
18083
31151
37145
13133
36083
20111
37007
08083
38089
28145
20021
22127
37115
13315
36093
47131
20051
13205
48219
28083
17051
27109
25011
05069
21009
18133
18053
05019
28107
36009
36119
41019
47129
26073
31001
55075
26011
26079
48491
37071
28027
40009
45069
41061
56015
18011
26027
13107
21031
22027
45033
26045
27117
51047
51171
42097
39107
39169
02198
46103
36023
29143
18021
35025
29099
56023
27049
34001
36027
48037
39015
08039
55099
36029
54087
27019
01123
42007
20001
21141
48409
23027
22077
50015
28117
45085
05063
17161
13317
28151
49041
26109
53031
01119
04021
19107
13199
26115
48259
39009
19175
39149
01029
36113
38015
42035
51137
01045
05149
51035
48349
56001
47113
45083
13013
13279
17199
28085
48451
53001
37077
01081
21013
19033
50025
42095
26119
40027
42087
27085
55059
48325
05071
21123
38017
16005
53051
21111
18079
48117
39049
13015
12131
27023
22109
27063
31159
18099
37123
28001
36047
26139
27163
19187
08003
29223
19103
21235
01109
17029
13033
18091
28031
08069
05055
30083
51027
12111
20005
49057
35005
21035
22041
05029
36021
26113
12129
19059
22087
51065
38099
42079
18135
24025
29121
48323
27143
42059
20155
12133
01097
48347
15007
12079
26071
22121
56037
48157
26121
25013
18067
48041
39117
48209
47157
26161
47163
18013
12063
24001
42119
13105
53067
01053
19011
27057
02020
42017
48227
13039
22015
49051
55107
12075
40141
27009
19049
47003
47189
48255
01099
21079
05033
26049
40113
18059
47079
22009
21167
18023
27021
51683
51670
42001
39085
55023
54045
39079
21153
26155
13091
48315
01005
13305
39175
19061
26125
26053
22119
22045
55095
37079
56007
45089
48507
25007
13273
32019
30093
37023
22047
36085
21225
13153
37017
42101
13211
29155
22007
48189
06021
28017
39003
17165
01031
47041
51710
25001
51141
42025
12053
28089
39089
22003
49011
42133
47019
27093
55127
50027
29065
18169
08013
16027
19191
28051
47123
21117
40103
28035
27095
19161
42129
54019
01043
29183
22083
54041
48455
29151
18183
05009
48407
17019
26097
55089
01003
27169
17093
21157
40091
20099
12037
29145
36095
42127
37013
06093
22057
17075
18177
06067
35013
54097
45063
51650
21071
55113
45071
16001
17077
38097
55007
29135
45057
08101
40041
18103
24045
27061
51101
33005
53063
53041
13157
46011
20117
21097
28135
28059
39029
39157
27089
26033
27129
48057
54001
39153
13267
22011
47053
12089
53015
19075
21221
47165
27035
29107
48115
12061
21085
47177
17011
28075
42005
05081
46081
21069
51199
37057
01059
12083
06109
13063
16057
41057
55123
18087
18027
26077
37137
42031
21195
26129
26023
54075
26025
26105
51770
36077
55031
31055
13067
24039
13143
18057
26043
13045
13097
09007
54065
27105
04007
40021
26021
18035
24033
54043
12086
05079
22071
47181
01041
05065
38005
51179
16075
13257
51185
20041
47037
30017
17167
05043
47149
48029
18063
24031
47103
18151
45019
54037
29003
47049
28121
12035
35029
21185
42041
54103
47185
37093
48225
32023
28023
37141
37091
01057
01019
55139
19055
40005
04012
06013
37195
55125
28043
28093
20055
19197
20175
45091
17177
37021
18095
28007
50021
17099
54049
42125
54003
01083
51025
13175
28149
51153
55043
27171
28153
18041
47047
40119
34009
29189
47055
21115
01039
36025
51149
42021
45023
45039
28071
13113
55015
55131
53003
41039
29510
39127
21093
51775
12121
20045
28133
18141
48141
39071
12049
55073
41013
40015
55101
42099
09013
28039
29115
17037
18121
26133
12069
18065
01091
37065
19095
37031
19027
40017
26149
13059
29139
38067
16051
53073
48321
48463
54083
29021
54025
06081
51031
39035
48093
22017
42037
19081
42093
45011
48251
18149
01101
19035
39129
45007
13031
45021
12113
48035
33011
55009
53059
01021
27033
38003
36087
15009
26039
48019
18097
12093
26157
21177
47021
40153
37085
21083
39123
18117
12011
51169
17145
41033
30041
17081
29207
18077
17015
06089
29007
18009
39033
24029
42067
47179
48459
51121
12109
36001
55097
49049
28061
27137
39057
47183
06035
34005
48231
18159
30111
19123
06039
54067
12091
28029
01061
18119
51013
54091
47017
19153
06105
29117
48215
50003
47051
39159
22089
25027
09009
21001
35057
42085
39075
01073
47151
09005
55013
31047
55047
33019
46083
29175
24047
39087
41015
24023
51700
37049
54057
27157
17139
06015
17095
45037
29055
20149
13019
27115
40105
29221
17091
51193
21003
55077
37181
18173
13103
19063
51089
37113
25025
48021
34017
39031
01113
37061
45003
12107
13213
19149
05077
17097
05059
35009
25021
13147
34015
12023
24017
28013
27043
29186
30049
17023
12003
32001
37167
48187
47005
17073
01131
19117
39091
27053
29073
30081
01013
01079
48217
39111
20205
18081
37193
26085
47001
22067
17021
12031
18175
13215
32003
19157
26127
05083
27003
28045
01007
31025
55103
05085
39013
39061
45029
24003
18031
12101
06079
21193
41053
35049
34037
39137
48331
37169
27161
06017
06101
39019
47013
27113
54099
39017
37111
48139
27071
38077
36069
06111
26047
13145
39093
27135
06001
42083
08001
51051
27139
55029
21239
31141
28025
12119
42047
37015
48367
06073
47065
37155
26147
48365
31131
08089
29217
40087
40149
21015
21135
40107
36045
05017
05007
01117
48039
37019
13009
40147
47187
47091
06009
17111
01065
05023
04015
36013
19137
05035
54009
55085
20113
20035
33015
51760
10003
36117
51510
41011
21021
42117
17063
29161
41031
47115
42051
20079
51680
29043
42089
22055
38093
29167
48397
26037
51033
06045
17001
05111
30047
13053
42121
42107
42081
18165
08097
47063
19105
27145
42027
20161
54077
17163
26137
48479
19073
51820
48339
21099
48051
19109
35047
20139
12071
22085
36043
20011
13129
48001
39025
17089
20169
51073
26145
13275
53021
08037
17197
22073
39167
13083
51735
45045
48147
05135
53065
12019
41035
38079
37107
17157
23001
04023
53033
21017
12001
47111
23025
45061
21019
01051
19167
06007
35027
48143
50017
36051
48395
05131
40101
55033
48291
29177
20037
49053
48469
27079
06031
45025
18085
13241
29229
42045
13077
26069
19111
22043
26001
16083
55017
48453
06085
37109
29101
56029
42011
47173
19129
06057
19029
23011
08071
29027
08067
24015
28123
53049
21103
31109
27039
39027
08081
48281
37001
06011
55119
28137
20133
13261
27055
36115
26051
48053
47077
51173
42039
13195
28003
48005
39165
09003
17149
29069
35031
48171
36049
29109
51540
35015
40047
53047
19181
18147
20087
40023
48457
17203
39095
19043
01001
26017
37087
33007
36031
45013
12007
48481
41047
12115
41003
51800
54051
39045
47071
35055
28067
05089
21171
39145
36041
53045
40137
41009
15003
37131
21127
39125
01017
06087
39135
18105
23031
13295
34019
47059
38053
40121
51520
51075
18157
51145
18033
13187
21043
54011
51197
05031
17007
17121
28091
17125
31043
46135
17087
13151
48355
28105
53017
16011
51095
01133
26163
28109
17041
19171
08029
29127
36011
30003
21205
53029
08117
36109
37047
51740
12015
01085
13119
54089
48363
48441
01047
50019
06075
48213
37027
28047
55041
08123
37129
19005
21137
48097
29019
19017
28099
22093
47031
39081
15001
51147
34011
21173
05001
29093
22095
51087
29015
17133
44009
48241
18181
13189
01049
51071
02170
17135
40117
17003
21047
20121
36101
55109
18111
26055
27037
54027
51135
18145
39097
51175
48427
22075
06029
21089
30013
18071
26101
01033
13111
51029
37163
18167
47075
17117
13089
27005
29219
31019
06095
27103
39051
21179
18127
48485
08059
24011
21203
05145
19067
41045
34003
39119
29195
21163
13027
17193
05053
19023
47033
06115
45079
21101
36105
41007
19091
51005
30053
02290
12087
36107
36007
21155
55061
21161
31155
48089
21183
53053
18129
48167
18179
20029
08031
27027
29037
23009
12057
47167
21227
29079
26135
48337
40111
36075
08099
19139
31053
17185
20103
48257
37161
35051
19007
24041
42109
21151
53025
16031
41065
08015
55129
47043
13277
16065
26151
26107
18125
27097
24510
39065
12005
24043
13135
16019
05021
17201
23021
13233
42131
47061
21081
39023
37159
39041
23007
48161
17131
21215
12017
36059
31089
37051
05075
13115
26063
39059
48493
48473
12123
47009
41017
54035
08051
51177
37037
37099
49035
48203
54059
51099
17141
41051
42065
48497
48071
25005
10005
48415
51161
41043
45001
29095
08035
13293
01071
33017
45043
42043
31067
36017
36091
48013
48329
17107
45077
48499
55067
39083
39037
04027
29031
29029
39067
30063
45009
13055
48183
50007
17039
42029
48293
08041
17067
51069
28113
29159
35053
42105
05119
48277
51570
19013
48027
23015
37035
18051
22113
48467
08093
29157
36121
40083
08107
12055
51093
24035
37157
04025
27067
48265
13139
29113
30005
40011
01107
19087
47039
27173
13099
19163
08085
55045
42061
34013
16039
37033
17127
05067
37139
37097
37055
01009
21207
39131
22099
48201
13245
33001
55135
05057
17119
17113
48121
54029
26007
55057
26089
22013
27127
13313
47141
42049
13303
41001
48099
39077
18055
48313
47125
13251
19057
55121
47155
32031
22111
21219
17195
26165
36039
53077
06113
06107
05115
13073
37119
39021
28141
17147
27119
45087
12127
54053
48049
36111
12059
42075
28033
48287
54107
17031
37149
21051
17049
48253
48309
26091
36067
27131
48181
54033
20125
47089
33013
51001
48361
19193
36033
05125
22033
42077
40035
48067
21065
22069
55049
22105
13221
55071
40095
21107
21027
48423
47035
55069
22097
16049
51023
37121
22063
19101
27123
19025
21125
39105
06083
18005
41005
25017
28049
36079
51119
25023
48279
19169
17179
36073
13001
17045
18029
37067
47159
21061
05005
46099
46065
37083
29169
18163
13071
38059
53043
28127
45055
48025
08087
16017
29225
27111
24013
53005
50001
42103
37191
28115
13127
37147
47087
46013
45075
55065
18047
13291
53037
13121
48419
21113
48061
37175
09015
26103
19183
48503
09001
39055
05087
27099
18075
45041
18153
37173
39053
08007
48477
45031
48113
01129
16069
17055
55011
23003
29053
39133
19019
06059
05107
36015
40039
25015
27059
51810
13117
18003
13081
17143
13179
35017
51730
39147
53009
18049
08014
29091
