12117
30047
37021
26075
48349
19007
48303
05001
48231
13163
40091
17103
05051
06099
19011
39079
21115
13129
20169
41005
55065
39027
25019
18153
35009
12081
56021
06069
55061
51820
50019
24021
19081
51630
12111
19079
27079
25025
08075
37163
51169
53015
32007
42021
48487
06093
40049
19111
47053
47075
37013
39143
28101
39067
40027
48439
34039
24023
08069
34025
40103
17081
29119
12087
51840
37157
28007
13077
29055
39135
51520
41017
36101
20029
18147
55125
47141
28075
28083
29139
47089
27163
48399
05141
15007
42031
36067
53067
01043
17085
08099
26159
53037
48041
55047
34013
40041
19025
29165
13015
29031
06067
35051
51540
02122
19125
29229
08117
47107
37139
18179
21067
47151
45057
21101
16083
19023
48351
39081
37179
48019
39099
33019
54043
13143
56025
08097
55131
08077
21089
28133
22047
13231
48285
05135
18169
27161
06049
44007
24037
39123
12061
18015
48281
45063
22117
37047
54083
48367
20099
51051
41041
05075
51177
37141
04001
48221
41009
38015
48315
36111
26069
29187
13261
18129
13145
08031
13153
27057
48177
40113
51001
21095
01109
34033
26073
17139
38089
22069
51095
37067
12129
37003
17039
35028
53061
08085
26007
36029
46135
55075
28071
51570
49049
40101
41039
27085
09011
06023
20125
13087
08067
22011
55093
16067
28047
08113
20055
39017
40081
06061
48015
26165
23007
18109
48113
27033
39075
01005
39063
19067
27109
18177
17197
12131
18127
40001
06085
39065
26125
29013
05043
39033
19013
47125
55095
37109
08043
20001
46065
53033
02150
37119
48409
47079
35027
48457
01033
21217
37117
37173
49047
21185
13135
48085
48225
20005
51199
12063
24039
47177
39141
35061
41029
02090
15001
39127
32023
27045
48115
21085
29121
39071
30053
47013
54039
55133
22053
24027
42037
37125
51067
42093
51089
22039
35039
01021
51005
37131
20091
48213
45089
01115
23005
54011
54045
28029
26087
45035
21171
55063
55015
09009
19153
41061
27173
13045
06063
55059
56005
01031
55085
28051
01019
22077
48179
48187
37079
45029
17131
21119
29141
18119
26045
49021
01073
39073
17003
39055
21127
18095
37175
08003
17147
17183
12101
19005
54049
27157
46083
29099
28093
17173
18099
21019
20133
46011
27115
39091
51161
48355
51197
39049
05059
54025
45071
48227
42047
06077
29115
55029
47133
45051
06047
51173
06007
21083
33009
10005
30029
05113
48099
05053
36025
48323
48353
18001
26015
45019
05079
40153
06075
37007
06043
29131
18037
47037
47167
16019
47187
21087
13069
19097
21195
53071
35006
18009
48507
05089
12051
23013
39015
26055
37115
06097
08039
31111
27023
29177
54077
17097
17165
22055
21183
39145
21071
05065
29219
36063
40037
06009
42105
25015
18097
47189
48241
18045
13233
53003
37193
16075
50001
47061
32003
42115
37167
26157
17027
40047
37001
48371
18079
04025
41007
17075
18125
29159
22097
26035
13285
34029
35043
55003
31157
28095
37137
12099
39047
22089
28091
17199
39011
49045
55023
21173
28057
28061
44003
05111
18183
34017
34035
48287
18047
34037
36051
05071
27171
17077
21107
19085
45091
21163
48291
47093
48003
37165
17093
19105
13105
40083
42127
42015
27095
27141
04015
08001
05045
51059
20149
12021
27129
05077
21175
28141
31153
53041
27091
17053
17149
05035
35031
48415
41015
36107
28121
13151
28039
51775
21017
47181
42065
13241
28081
13187
29133
06089
05069
17005
30111
05093
53077
28045
48473
40137
47113
19139
45061
29101
22101
25011
48279
26031
13255
17089
37087
26079
16027
55013
45049
47129
46029
08051
47029
53005
05131
17111
06041
48257
44005
06095
17107
27127
04017
17195
26117
29510
51119
22001
34011
45075
42011
17061
13009
40143
21133
40023
30017
35047
29079
44001
16039
54107
51810
42043
28031
40125
39151
39057
01027
42005
21061
36059
26105
29135
53075
48363
26021
01095
21167
05087
45069
26091
25013
37055
36083
31067
01113
17177
27119
48143
42081
12119
48375
32019
28159
48035
51153
51187
22029
20115
01035
20177
21069
29019
13293
05021
13083
01057
01097
18137
26123
39117
19147
06079
48277
40017
48027
29037
21005
40131
12011
36095
21029
40141
17203
48123
19083
26099
27071
21145
55129
54047
29213
29007
42109
13275
47123
26151
55087
17083
29003
28049
48477
47051
12093
29111
37023
01103
12037
27151
28001
22045
19137
51013
31025
01067
13107
37169
29069
39085
19113
18113
19057
34021
31155
36079
54019
36093
27027
55077
42029
39061
27147
31079
01041
50005
21205
55141
31043
26017
45045
21153
42121
26161
50003
35045
37045
19033
13051
28163
41051
47039
16005
48053
26001
18075
55021
55079
17029
40145
18069
34015
36069
21225
41003
01017
22015
13127
27017
05031
12019
18053
21099
08101
48201
47021
35049
26033
18011
37151
21031
37097
45021
13121
22033
05107
36043
12133
40063
42101
15003
05009
26145
13057
42099
13031
42079
55073
18165
11001
26115
27105
41045
51069
51145
51027
21001
28137
20009
55121
45025
39001
01077
36039
05145
56009
17063
22003
18089
39167
50017
12103
01069
27035
50023
39161
45073
29107
05027
22083
22063
26039
06073
39103
30067
42003
27063
40015
19141
18057
45003
24510
12049
12095
19123
55119
30013
17187
19181
41047
53053
51033
53025
18145
19157
22071
49003
27121
42073
08083
19133
48423
20205
01029
47111
05033
39111
40117
18017
47071
17201
22017
29151
36017
47009
55135
26119
01025
22041
51135
17167
49011
48255
19165
28043
48273
53011
13179
40013
20045
36001
17157
47001
04007
17101
18061
33003
45079
48265
51175
13195
12115
27111
41011
50011
17007
53021
08081
12079
28151
12027
25005
19047
31055
48145
39025
39019
09005
29071
55005
12039
34027
30031
29051
50021
22105
01039
36019
36113
39131
38003
51735
29157
39069
27067
36105
18117
08093
19145
20087
56033
48029
08107
37133
29009
19109
37069
22115
36103
16065
32013
36035
19107
36045
48097
21231
37159
17189
18081
19035
40009
51680
25021
01099
17011
13071
12083
17161
48249
18019
26053
19061
47163
51003
51163
31159
37039
47117
21009
20041
26027
17015
37009
45081
56001
53009
23021
19095
48465
17049
22095
46013
45033
55103
39155
51077
21013
39089
05067
18055
18135
06011
22057
45009
18077
49039
35013
40035
12089
06001
54055
22005
39109
55025
21079
47179
34007
13299
06019
01089
55053
39053
47165
21161
13123
21147
27083
18005
29215
28033
36071
48223
29189
39039
06115
13217
36027
30009
17099
13011
29113
17127
48049
53049
18087
48149
19127
12001
16001
48005
19043
21203
26037
34023
18103
17141
31047
13117
16031
26147
40021
18063
12127
23015
42069
13273
34005
41033
45059
12107
17145
34019
21207
13053
40019
06033
06029
13189
48219
27021
54103
27007
16057
42041
05085
01091
24003
45011
35015
45055
55007
13245
20011
47019
17133
28087
27103
19161
05149
02130
42111
28115
17163
46005
45043
27019
42077
08014
31041
28117
20079
25003
19073
26005
45041
48419
42019
38059
48485
48259
37011
37035
12003
41057
27013
51075
36003
47173
45023
31089
08013
12105
26163
47011
01023
53073
13001
18073
05091
53059
24041
19191
56039
28105
09001
36031
55027
23003
39169
40089
29047
51183
13131
32031
02110
17091
13047
24009
27139
19167
40111
13305
06065
26135
26139
39159
09003
48185
02198
01009
48071
08119
27099
21235
37051
17057
48397
55137
13175
51179
42049
21155
48007
19175
24033
31151
54075
17121
38005
42063
56029
13321
37171
28011
46093
08123
20059
19091
01087
01059
36099
27153
26143
26111
41065
06083
29117
34003
37197
21221
36005
13115
39087
18023
48139
39021
13215
28025
48341
31019
26067
19017
06101
47059
21193
18031
48001
55089
05007
46099
37027
29109
17095
12023
29175
13297
42095
29183
39115
26149
18111
29223
27005
36097
47025
22009
30093
12123
13219
21135
38067
12005
41001
27065
13315
37085
13313
18071
45039
26077
48161
42123
31119
21051
51191
47047
42097
08089
48337
12113
50015
24001
29163
41053
24047
21117
06111
37145
13017
51167
22031
53065
51025
54035
13223
49041
40105
20117
55099
12086
17073
29221
48067
21003
38077
06013
55009
37065
26141
35055
48135
13185
29077
47033
18091
04012
48157
13103
37057
38101
29093
28127
30005
29147
36073
51121
20111
29015
27169
48489
24015
54065
25009
21035
13237
06109
36081
27043
27003
55081
27137
20037
18059
42051
38035
27093
45037
54081
47041
48325
18035
51099
47017
24017
13227
48167
39077
48451
13147
42071
51141
12071
26043
16069
48061
01047
37015
54069
18167
28027
01117
13277
21111
48321
55127
12109
27145
39107
19029
51165
42061
53029
37135
18105
55067
33005
48073
26127
12073
37053
42133
25027
55115
06017
09007
28113
17087
31053
41067
47065
40031
55105
17135
13221
51073
24013
40121
51117
13073
23001
17021
12097
37121
13225
48407
26051
51171
47081
26109
17019
26023
26019
26107
05037
17001
19045
37185
55071
39051
36037
29201
39153
13097
53045
05011
25017
51035
42001
26047
51740
27025
32001
54005
18143
27037
51083
47099
12059
47091
26155
48313
29209
47105
33007
26089
13177
31185
08071
19155
26063
28013
24035
39045
47043
21125
20191
22019
13211
55035
51730
53043
39125
31141
21045
04013
27113
01123
47147
46103
08005
54099
28107
13199
41019
13067
54051
21015
21059
51143
13055
51600
21049
38093
18181
01045
51683
48209
42045
37059
37025
19183
17115
49051
17033
20051
47155
48499
29095
42027
51670
51023
13295
54109
48299
45085
37107
53051
48037
54057
55043
36049
21233
29073
36009
55033
13075
54089
12121
32510
18065
51107
40123
48455
22093
39171
37071
35029
55139
37049
37155
30083
18051
48401
41059
49053
42055
28139
30087
37099
16051
51710
22013
18029
48427
48253
42067
30003
40115
50027
42131
20113
09015
26049
51105
27055
36091
27039
27097
55041
54029
39097
17031
42083
39041
12007
42089
48189
51590
35035
21025
56015
49057
48199
51061
39009
28023
05023
21199
45083
21227
37149
47183
06015
55049
13019
13089
48481
22085
25023
53047
24025
40133
21093
23025
01079
46035
05019
28123
42085
26071
13133
20057
17125
51147
27089
51185
22103
33001
20139
23027
19087
25001
06005
41043
41027
29065
08035
28073
38017
13317
37083
12017
12091
37161
37127
36023
18039
06059
05055
42107
18027
26081
51195
05081
17117
37199
54037
33013
28099
01121
28003
55107
28089
01101
37153
24019
29181
48251
47005
36087
48297
18159
48121
05143
26057
28017
47159
39139
48147
18123
37093
48181
45027
21073
12069
13169
26061
21215
53035
22043
13207
17055
19065
16053
49007
47119
48055
47143
55031
36013
06081
16055
26103
55017
40087
06113
47109
18121
48025
47073
36123
51550
48215
21113
35005
22051
29097
17181
48389
16049
39007
48203
27015
55011
49043
46109
48467
37191
17123
26133
05133
01125
48381
18003
39175
18021
05003
24043
48091
06027
28085
13229
28153
36085
01049
18163
16011
53031
06071
17143
22087
39029
17041
22113
19099
08059
47131
39095
27009
26011
33015
55113
42013
17025
18083
21047
29001
48459
13291
01107
42033
01085
50007
21055
48497
20035
01093
51041
20061
20015
39023
47185
27131
51031
55083
53027
45053
20021
13303
48021
42117
29029
21021
13063
47063
26097
55019
38053
48469
38079
51700
01051
26137
51660
13091
20161
30035
13193
42087
29161
35053
06087
31131
51760
37113
28035
17051
04023
42129
26113
36115
29083
10003
45013
51137
45087
28145
38105
01081
18141
01053
38097
37189
13157
22109
40097
13267
30049
54079
22027
40039
21209
36077
28135
29186
06105
48453
20209
48471
02290
19103
33017
19031
48133
47045
15009
23031
47003
21179
20155
41071
54059
26131
47035
50025
48503
19015
37091
36021
18173
54053
37063
13205
51071
42075
06035
06025
19055
30041
48217
48493
22007
39013
12053
13033
21219
47085
19063
05083
55001
24005
01119
26121
05139
04009
55109
37031
31109
34001
17037
37101
26129
06107
29207
05063
36109
22127
37105
06039
17023
19101
42017
47057
28149
17113
48479
05123
55101
12041
48365
54091
22121
48387
13311
40079
20173
39043
39173
19187
42119
05121
42035
16013
01111
48051
18133
49035
36057
54097
06045
48089
09013
08087
56007
25007
53057
05125
45047
27135
48331
22037
04027
48293
55057
26041
39059
48093
47139
01133
51800
54041
36007
28059
51065
01015
27123
26059
21157
40071
21141
26085
26009
29023
19049
39147
18033
24045
22061
48117
44009
19149
37183
17067
22079
17109
48309
21211
22065
13099
47149
19037
13257
40107
18085
21121
54027
54067
22073
55111
39037
47087
30081
10001
39093
29155
06103
40061
02020
55045
48373
29167
29049
12055
23011
12057
05119
34031
56023
29145
51009
06055
48449
17017
29195
45007
01065
22099
08015
51029
39083
29105
31177
06057
19193
19075
13137
40011
01127
29143
06021
37077
41035
51650
12035
51139
48491
47157
51093
45031
26093
13021
06031
55117
55123
22119
13113
13247
22067
18067
24011
28067
01061
08037
40147
54009
41013
36055
12085
27117
42039
05115
37181
21027
17191
29043
19171
36033
29225
51193
21037
37129
19163
49037
29021
27001
36089
22075
01131
51101
20175
18149
23029
33011
48141
40051
55055
51770
