29115
06013
27013
28141
24029
26067
27065
15007
06043
06025
12071
51001
36043
01087
06077
17165
09015
13121
47117
55071
37003
45011
21045
37195
54025
21219
48209
20173
06093
36007
24021
18001
37019
36045
55011
42097
19155
39065
40149
06053
20057
48037
31053
20079
22077
40125
55017
13017
45025
30047
17115
01033
24039
28135
47109
17019
18111
18105
17073
12083
29215
37153
51089
48349
28073
40017
51590
27005
13229
47065
20041
22019
36023
35061
36123
39129
02110
04027
45015
45059
12007
39165
05133
42129
17095
48485
12107
37033
13169
02170
55027
27091
19047
25021
29099
39089
51540
48299
47061
39013
55055
05085
05055
48503
18123
48451
26077
39125
45049
12075
27113
31109
42107
39033
53055
12019
48171
37025
01123
40083
42099
40097
13047
37121
02150
53005
08041
48157
48231
18035
29015
01041
28153
01009
08117
05111
48339
51740
35015
01039
27061
54009
08085
13245
21047
47163
28051
54079
28089
21179
17131
48321
40005
39111
46065
22101
13019
18045
26097
13257
16031
26163
22067
21231
36113
34029
21235
13277
26071
45051
33003
36079
47177
17077
48387
45047
18013
12039
28075
23019
42123
48061
51121
48003
20029
34011
47179
42085
39103
50011
19141
21037
41007
31157
31041
48189
51710
18167
17187
39139
16017
29049
47115
45019
47171
47143
42001
48325
39035
48407
08123
18145
17061
51810
51023
45071
13119
47167
28121
37031
37163
51520
25025
18183
26065
28099
40139
01027
18051
12119
19111
47119
26015
17005
12049
28061
24035
26005
37013
31055
27173
01047
48423
22049
54037
39069
21111
29229
31141
19067
17081
28035
16051
22087
40063
46083
27035
13057
22079
06113
42047
48051
53059
18133
51199
37051
35035
36097
54097
26127
55127
36077
29201
36075
55035
06009
35049
48099
51175
40035
36069
13305
51085
21213
05021
28093
12103
41005
02130
34039
27017
51800
48201
37055
31079
26011
06059
47063
05005
27097
39019
27123
27129
17103
13107
21085
21107
51027
54103
54075
08059
37089
37079
17137
40105
27045
21199
20009
17043
13321
28031
48027
45053
19041
31119
29223
06019
40113
48007
18143
42087
26145
27085
39173
19197
55113
22045
42051
36015
18077
50015
48117
27145
12087
48493
50025
25001
54081
01089
26057
48085
46013
13103
45023
37067
36003
55123
45035
48273
51047
20015
47021
51071
47053
40123
22111
54109
17089
47013
24037
18071
13219
05011
42067
55025
39043
53017
39171
37155
26151
21005
21173
21227
28047
21147
51197
29510
39023
39151
19167
26025
25005
53009
51670
47159
47069
37021
28109
35057
01051
33001
17049
08029
49021
41035
38015
21055
27127
53033
15003
45013
26017
49035
21081
48053
29093
22037
11001
54011
56005
12099
16057
13177
39091
55087
51680
22005
26115
24019
22095
06007
55083
05053
21193
55121
20139
48141
51195
05093
26161
56037
55039
12027
41071
29003
48409
39175
18121
12005
21015
08099
48057
29071
06001
30081
51690
29119
17163
42061
21183
17055
28067
01013
53075
55003
31153
08014
55081
55069
54089
06073
19025
21067
28071
13131
32510
40061
17031
45027
37065
12111
26041
13151
48185
16013
13067
28117
42011
32001
26055
37145
31067
27139
48415
19061
40147
29143
17033
37137
45087
18131
47051
13237
48351
29181
17037
39127
18069
19021
18091
21025
01109
34005
19149
19175
20169
47047
36095
50027
17015
27111
08081
47151
27027
37141
17041
29189
51177
19187
06067
37093
51163
48331
08101
12073
48115
08107
01093
01071
37063
47147
20059
13211
40047
29169
42005
40065
28151
48067
51630
18029
17173
29109
05009
45031
48439
42015
40119
55059
51069
21205
39009
42025
47183
28095
02020
51005
37147
08003
39087
51191
13251
19117
54099
54077
16067
18031
04001
55119
18141
39017
48367
06065
27095
50017
46135
19097
19113
37101
45067
20035
06101
21083
28059
28029
29083
55117
19005
53045
30087
19035
13279
27119
29131
37199
30029
18055
27171
51161
20021
17097
51059
05123
12117
12051
29155
36105
13095
01017
36035
45061
22043
21087
47043
17011
51735
19179
51013
01029
48041
29186
26089
28107
50003
17027
13115
42111
42095
21177
12021
37001
46005
24001
22031
41013
42021
21133
21113
54055
37007
06099
18139
47097
12115
13297
45037
27039
28115
41047
05121
48025
51025
27067
42101
22103
48233
27163
49043
21103
01001
22089
26103
13175
47057
51153
26159
18093
48179
26029
47079
22007
18043
45079
21061
17143
06017
05089
51145
37167
18119
13291
54107
06029
16069
05027
48355
35009
49057
39071
01099
01131
48389
20117
12127
55125
13267
55007
26101
19015
26157
29163
13221
40039
53043
18113
28091
44005
26039
47073
13207
26139
37161
42033
55133
49003
54065
01091
54069
01111
37193
45081
48293
26079
35051
12017
48453
17039
40133
29157
37123
47181
13129
26023
29195
21153
01097
17057
21095
13285
54067
06095
48167
39167
06047
15001
12089
29167
12121
42019
54005
18021
34003
22113
22017
29187
29177
26045
34001
13187
13303
16049
36029
01045
08037
33011
54059
49051
21035
27105
48253
47001
39001
12091
19079
13077
48161
37175
37191
13081
21215
16075
47133
19163
55043
21135
20149
06035
28085
51035
30111
17119
48029
42117
22085
36063
24045
24015
27079
41015
26141
24510
17123
39053
13195
12123
36033
13261
40121
17179
19103
21209
36041
05029
47129
41043
48015
26113
12101
51147
29077
48427
47049
39079
39109
48215
18173
21119
26033
29037
39105
47093
20045
36057
19049
19055
29051
21211
29113
23001
48223
05141
13255
05135
48473
13179
09001
47081
45055
38089
30005
27131
05071
18041
40141
21021
48055
21239
56025
39095
48365
21167
17167
19147
27147
36051
28011
08113
55109
22121
06083
47123
46011
20155
22055
51167
55085
36031
01007
24025
06023
39155
42131
21089
45069
39007
45039
20205
26035
37027
21043
13163
55139
51600
12053
42039
01019
01053
45063
22099
29111
48183
34027
17141
54091
05059
51105
32007
53073
13315
27161
19045
21137
26109
27015
54057
35031
01025
05145
26093
20125
36107
37023
36037
05091
19095
51730
37179
25023
37091
21001
47145
13083
36009
23021
35025
36013
48441
29207
27153
39153
17203
19019
39143
53049
16055
19027
17075
48147
48093
21049
19109
40021
40041
05051
18085
49049
22063
27021
21099
29141
40095
51031
49005
48245
21221
26121
29053
48375
13133
01055
18153
25003
37197
41065
48401
55009
27115
17029
48395
28113
26105
47037
42105
06031
53041
26075
26119
26001
08097
08089
48353
26063
01035
47189
39027
17091
55077
42035
25007
36025
17045
40111
13147
42077
29007
17147
51775
27099
12063
20037
05035
55135
39141
41033
01121
19075
48113
19033
01043
22047
45057
22061
17003
12129
37117
12037
05107
25017
39049
30031
55015
51015
18181
13127
19123
48371
45029
13217
06011
51683
18011
13051
23009
51117
55021
19105
24023
29069
17113
26081
18015
20175
08069
47005
27157
06071
42041
37181
36103
26099
19153
28025
27103
26043
34033
13241
40103
27057
25009
29217
51051
01095
33019
37059
23025
01031
13223
55089
19037
12031
37035
46109
28003
28105
48221
26129
01117
31131
26143
51067
24027
21125
26049
21101
40037
17099
56033
34037
47149
35039
45073
44001
17063
20113
45089
51141
27003
48315
17195
51790
37125
18063
29009
26165
19193
05083
47045
29151
27007
13227
19023
47141
41001
20055
19133
28043
26111
55105
25015
47125
01125
01059
29117
42055
38059
39011
13059
13299
48213
17111
22065
04025
20121
13189
48323
26019
27169
41031
21121
06069
48149
26053
21027
27135
53077
39115
51193
37133
35013
38093
37039
13063
06089
27151
42017
12009
51119
37053
06085
40001
36005
13247
34025
39051
40135
27025
51650
53047
12131
53065
36081
18075
48265
13015
54027
47103
06057
53025
50001
26155
13231
05065
05045
18049
09005
29027
48419
29209
41057
34017
37173
39031
18053
22093
41003
06055
51095
31089
48459
04017
13185
42075
47087
37047
39041
47035
47003
48005
29031
42133
17133
55131
55053
54003
31025
26051
22029
47185
22027
55115
40079
39083
55103
42003
19101
22057
26087
18061
48477
21073
23031
12023
37157
42013
17083
17053
13193
04007
27049
21163
41017
40031
47099
13311
12057
37015
17121
53057
37017
40109
30009
53031
13009
15009
54033
06107
38053
41011
51075
48035
17193
48217
55029
27041
21157
32005
40073
06115
26117
06005
04015
48277
47105
18033
34021
31111
17181
09003
25027
06103
41027
01103
48313
51165
35041
42091
50019
20209
28017
21051
21161
18137
35055
47019
21175
08071
39047
51185
05019
16005
53015
13055
30035
13233
29073
18107
24013
55057
26137
36087
38079
19081
55111
37037
42069
21123
28133
29065
01065
22053
40091
17189
48397
51107
13117
51087
29055
48465
20099
44009
20001
39101
21117
28049
18005
40011
42009
08043
42119
37131
54045
28045
06087
21171
21141
41041
31001
56023
54041
18135
05087
56001
18081
39097
13001
23015
16027
33013
36099
40009
17087
21059
12041
41059
51149
13313
55073
19029
47011
01077
13021
51077
42037
55129
46081
29161
35053
23005
45021
36085
36083
05043
06109
19091
30093
16065
21155
36101
36067
24043
22119
36055
17107
36019
17101
20133
54019
29019
24017
39159
37009
26131
06063
56009
30063
12097
38099
06049
18157
55049
08093
29091
39123
05113
53071
48039
24003
05075
53007
28087
28159
47155
39169
31043
51510
21207
18129
26027
19065
48071
45001
51143
54043
51033
42079
47085
19007
22015
05063
01057
01127
27093
29183
18117
01085
32023
35028
40145
18087
19099
35001
10001
21115
06021
34015
45043
19085
51009
05017
55061
04012
53061
51061
17201
12001
31047
55023
39137
56021
40081
05001
20091
42083
13097
08087
19125
37189
27001
45091
53027
24047
51187
12059
39063
26123
22127
16053
18147
37087
13011
37049
13123
12113
01023
18179
47131
29147
51073
55079
38003
28001
21225
51179
47107
18017
36109
38017
13199
22071
47041
38067
19013
08039
49011
23013
54051
42027
18149
48225
36111
18019
38035
45085
40143
29095
26085
22115
47173
40019
29047
39005
53053
27109
05037
01061
12015
06111
37097
24009
48241
49047
04013
28013
18163
48259
13039
42103
48021
22105
56029
28039
39057
48341
42073
13157
21203
39149
39067
48463
36027
21185
27059
39015
47059
19157
05143
48467
48303
26147
13275
01119
08077
55099
02290
39029
13105
37115
33017
18073
21093
37127
06105
22003
48097
35043
20011
18057
26091
18097
37107
55013
27143
28163
04009
36091
33015
40107
26021
13225
05103
19107
12055
37057
26135
48219
02122
31159
48123
17149
39077
41067
26149
42121
18067
47029
21031
22011
41053
18159
42063
29013
37113
37165
16083
39059
08001
34035
05081
19137
51840
08015
55101
17159
53067
56015
19043
01005
26007
12035
21071
51570
51169
06041
35027
21029
36093
17191
42125
16001
29135
47031
53021
53029
29165
04003
42007
26107
48251
39061
47071
39037
17117
05031
21127
48019
39099
18027
08067
19139
17157
51101
48481
09013
33005
48489
50007
53037
48135
49045
46029
47187
05131
38097
48187
28079
27141
41051
51660
55075
27019
54053
17183
05003
17051
40015
51770
32013
02198
08045
48073
19063
39085
47017
21097
05139
37045
06075
32019
08007
27053
12105
40013
48507
17105
55095
39117
12086
42115
48257
48469
24031
54049
27071
47033
18151
27033
49037
01067
37183
05119
26009
55001
22009
48347
01015
37151
08083
48363
26133
41009
18177
13053
22013
21217
48121
36121
30067
13215
13293
48181
19183
37109
17161
53003
42109
31185
48291
36021
37061
09009
12033
38005
29001
12109
47091
42071
05149
54001
18095
51109
48381
28057
23003
48091
28139
48287
31019
42031
39075
47165
17007
51065
20177
18003
48227
06081
37139
37135
17001
22109
20087
18047
18039
19191
35006
04023
29213
37069
10003
36071
30013
06027
13153
09011
51820
48001
13071
47039
01107
30049
49041
39039
34009
51760
53051
42029
37169
13205
38077
17145
21009
48203
19083
37159
22069
17093
12061
48133
54087
29101
20061
08031
20191
09007
19127
28007
19165
40153
21069
04021
34031
51173
39119
36047
01081
45007
44003
01133
48145
48255
08051
27037
45009
20051
32031
55141
28145
19161
38101
42059
21145
42093
48497
27063
46099
17185
22001
48139
13099
39021
24011
46103
13045
55065
40089
55045
47009
05115
13111
18009
13069
56007
51003
48199
01073
05077
48455
17199
37111
36089
39131
28149
55063
48491
21195
21017
26073
27137
17025
21151
28027
27089
39045
53001
28123
18127
48373
45075
36073
34041
49053
49007
08035
34007
29133
17197
54083
38105
18023
48089
40131
48399
42045
28023
13139
39107
05079
47077
20111
29121
55019
22073
40087
26037
51550
20103
36049
46093
33009
13033
22117
51083
26125
36059
31177
47055
42127
37071
12069
21065
45083
51093
48013
40101
21079
47111
17177
13295
05125
48479
48471
29105
27043
27083
23029
13091
06045
22039
17067
36117
53035
56013
05007
12081
29139
29159
45077
29127
20005
01021
37099
28101
18059
55137
12003
34019
27055
04005
29079
05023
23007
37083
35047
01129
06061
29145
37077
13031
17127
30017
55067
54029
48337
23011
18169
48487
02090
16019
26031
50023
37149
13089
01079
55107
06015
18083
19059
13273
