53033
18145
46013
06099
18099
29145
17107
27103
08075
13021
53007
27065
17133
36113
48219
56037
26165
13047
29223
26031
19123
51161
51185
40019
48441
06015
01099
17177
40009
47071
21087
47029
54029
18125
36071
37009
04005
20177
01035
36039
39129
12001
05083
05143
29071
17087
28153
39029
42111
48217
21089
05067
21061
37153
19073
19133
12041
24510
40095
51590
18165
41043
45089
45043
17105
29139
48497
13225
35001
22037
48145
39133
19033
41051
35047
21163
54057
25021
42123
04012
21027
55057
08007
47059
21231
35028
24023
08035
40079
40035
45003
13231
56005
42063
42001
26163
55077
37031
51700
48225
13143
48299
25007
40109
55119
39171
46135
12049
34031
51083
51199
12113
01049
27141
35015
16001
49049
48201
37135
56033
01073
51600
48073
13303
45049
18079
51145
08045
29141
16051
05093
36023
51173
51740
41059
26157
19153
04003
19165
05041
21021
48293
48329
48303
19175
27007
51085
55089
17181
28039
51065
19045
41007
37199
20113
29003
37113
47039
06089
19015
27045
20125
22013
13033
04025
39001
29095
13071
37165
49011
48325
39145
41019
39079
19105
29183
18169
29119
51670
13187
48321
48215
18177
42045
34029
40135
37071
05123
31141
21073
48091
40023
39065
48015
08005
47159
45045
41041
18047
34025
40051
17203
26055
26045
18055
28133
22089
48291
29131
38067
51025
36051
40017
32031
55129
36005
28011
02198
22051
47155
19065
48313
55013
28117
51023
39007
41017
48213
56007
17045
26117
05015
42029
37017
27019
47073
39033
06009
13285
02020
05001
18139
21111
06069
48323
29181
56025
01007
54005
12009
53047
42009
39003
36079
47151
42061
30047
31159
28013
18103
15009
21047
53003
48287
19157
13059
21183
39161
16053
37063
18163
47117
36033
26007
51071
04027
39099
12105
36105
26015
48141
37141
39053
51171
21045
01069
34023
45091
47031
06041
19055
47189
05145
48381
39047
34011
42039
18129
12015
18157
48499
26041
28057
13113
48315
02122
40081
06079
41039
34033
22041
38017
21207
29077
13153
31153
48259
28115
01111
06115
12037
18131
29055
01057
51135
04017
48285
29097
13039
05011
21067
18141
39153
19127
48491
08041
39169
16017
26069
19183
12115
55031
24021
45069
50015
31053
19057
29001
05065
28029
35041
55127
01029
36121
51683
29195
27123
15003
35039
45011
27127
53015
36045
39149
35013
22119
56021
04023
09005
48279
05023
13311
17037
16057
05103
27137
37193
47035
21127
13139
48035
12123
17091
17115
54083
42025
40063
36059
49047
39071
24015
20161
42097
48003
42099
19083
30081
42069
12057
13119
48089
08085
27041
36007
06063
54055
51175
18173
51660
24035
28045
55075
37085
18121
55023
20139
39073
23017
19047
45033
55109
12111
01053
22043
40123
18091
31151
48115
19163
56023
47053
30067
27161
26019
21101
22109
47025
29229
40133
05139
42027
53049
20059
13193
37067
06081
31055
45035
21051
01013
39057
21185
29015
51107
38053
37147
54051
45085
48423
22083
48223
01021
05131
42043
13095
18067
41071
36119
22077
21171
47173
55087
27095
46081
51169
05115
53045
28059
20021
48245
38097
29101
48371
35005
13115
18083
19085
51105
13111
26051
39009
29135
37119
29225
20103
36085
21157
47107
42103
27147
35027
53057
39109
13175
21107
19035
06113
37025
22029
40105
16031
51029
22053
13247
40001
45025
12035
31089
47061
48277
42085
36091
55053
18065
22019
42077
06005
39113
41015
26021
17101
13211
48481
01129
23001
31155
06105
20057
16065
44007
23031
09007
29163
18017
48363
33011
51147
12017
55111
19187
48457
51195
54087
21151
48465
29091
20173
48221
22057
13137
24005
01031
13207
22105
01067
05071
48427
12019
26099
06053
21125
27009
39025
41047
13237
08031
33015
18097
42093
26127
05087
33013
18135
35053
48349
49043
51075
32003
40087
20001
05063
48027
29510
54109
42075
13123
39081
01047
01119
19091
19113
39091
22111
18049
08101
55041
49041
13081
48281
47171
48341
31119
42033
41057
47081
38093
17073
51790
33005
17125
21217
28025
19197
36109
48051
29165
48061
17163
37039
21085
13257
46109
48117
46005
33007
05141
26105
21145
45075
26061
13273
47165
48041
20149
22069
13177
01097
39103
05111
55097
20205
22067
29215
28149
33001
36111
18071
40021
18149
17195
20175
13073
21117
55049
06059
27117
16075
18003
18037
37167
19087
51153
31131
13169
34039
54103
47065
12081
46035
05053
48487
55079
17113
26067
01109
54059
51003
21097
51775
28113
31043
16005
13223
48149
42129
17135
36063
18059
01085
16067
27113
22075
17043
01079
50003
38079
53073
13241
19049
37155
12095
30003
29177
47085
26027
12099
12121
47103
37001
06061
27043
12131
48467
13107
19101
31111
12083
20037
24039
45023
40027
29031
26107
47055
17139
28017
54097
55009
55025
28073
51119
40071
21015
51089
05081
01059
27089
12059
37157
13017
24043
18063
31019
25009
18123
55065
06065
17031
38099
13277
02170
36027
48185
29167
12075
21029
40049
13121
37121
17197
27001
17051
21065
19005
18087
05051
25019
19059
21167
49035
26081
31041
39043
17173
28163
37065
27039
34003
39093
39083
27169
19193
23027
38015
42125
40103
37129
17029
19169
53021
27033
01125
19141
20117
35045
31157
48503
37137
54041
48479
06083
24031
26147
37091
19023
18159
18035
48143
17123
28087
29013
27099
18113
47179
36089
08077
45063
16083
05091
39097
26137
50021
13117
25003
36047
45021
02090
55005
06107
51059
26131
05043
51027
05079
35057
26133
30087
13291
48401
24001
29143
47133
29037
26065
01107
51061
01027
51197
37069
23013
55105
01101
08043
30083
40147
09011
13293
51033
06077
12051
45019
21049
19103
06095
47105
49007
27025
28049
27173
51730
30063
47099
45061
22061
48121
06101
16055
42017
18077
36107
37097
24027
19017
17127
40107
06109
22097
27035
42081
08083
51770
41065
06045
08099
40131
19129
19021
17165
12087
06067
13051
42041
54107
01019
49005
17039
42055
28107
36013
39015
48199
47187
39075
16019
42051
05017
40089
13295
39107
48093
13227
27085
48055
37055
51177
18053
29107
39037
34037
18011
42071
37021
40125
47001
40115
36017
37099
40083
37033
13163
04007
24013
21235
26005
28141
22049
21179
22073
48395
01083
13053
28003
18095
42047
30031
39159
42003
01043
48177
53017
37189
04013
26073
26029
17137
20111
19111
13255
51095
54011
37079
51005
47051
28145
36037
05029
35017
54077
21001
06097
05027
53037
13019
27153
51193
48469
27143
17099
18039
31185
48233
29207
27027
01017
40143
24025
37077
47063
13045
20079
21081
53001
17193
28051
19037
28099
47013
55115
47057
27061
26017
06027
51035
26125
54045
35051
06071
51840
12109
01025
13313
41027
13009
18151
06093
56009
12071
17011
37145
41033
27121
23007
05133
12033
13067
22015
26063
48227
47091
48389
42065
18081
17121
34015
40097
51093
17187
04009
42037
21141
28035
33003
32001
26089
51800
55043
26011
27021
20155
55125
39013
13027
17033
21173
26093
48409
41003
05007
48339
27097
18093
26047
29073
06017
29127
42117
17141
28105
51510
17149
42035
54033
27003
30035
22079
10005
18153
29047
39077
48007
26109
22071
06057
55101
47131
13063
16069
10001
51117
17161
13199
46103
47005
10003
48451
36073
21013
21195
37181
20209
22087
39155
33009
37081
37059
05089
55095
28137
40121
06039
54091
18143
38059
29169
19025
28075
40039
21137
37159
34001
21213
20121
12097
47183
22113
44005
19097
26123
47115
47111
48415
27063
40011
37015
08071
55069
17147
17201
47093
50007
39173
01065
50023
21103
05085
53055
13245
21115
17089
53065
18069
24041
30093
13213
27135
26043
48133
18013
36067
27079
13221
31067
26119
54075
37179
36087
13297
17191
17025
21113
51179
36041
13015
53035
37125
18001
47011
13055
47033
05059
55047
48183
21099
39005
20133
54037
48123
27037
51735
37149
42013
49003
29019
40153
51099
45087
29117
42089
13219
40013
36019
18137
48001
20009
17183
23009
17055
20061
55123
29099
13133
06019
19063
18021
28071
39165
06021
51087
36021
51031
13229
13131
30041
49021
48253
42101
28127
55033
12063
40137
26057
34013
19043
29189
21209
31047
21003
37183
48179
42127
39139
48049
25013
51760
51051
51041
05021
18107
01089
29155
37151
21147
29187
17001
06073
45083
13145
48361
26039
28081
42083
37105
22085
32013
13185
44009
39059
01103
28139
28093
39017
13279
04001
49037
01087
53067
28091
45029
21017
22121
55035
04021
12117
55071
48399
19029
18073
09009
56039
13069
27157
48507
13151
26145
25027
01127
51650
48257
42087
22117
21135
12101
47185
48021
21203
35055
47113
17021
12133
36081
08123
37161
13129
38077
36061
41045
25023
32019
09015
26001
29157
39125
53029
18057
47089
37133
29051
21031
05045
53005
19155
06033
21123
21121
21225
19031
19013
19179
37011
25001
18027
20055
37087
21221
17003
17053
36069
47129
47097
26135
51570
17103
08015
21233
20041
28085
47009
26141
13013
30111
06055
13179
34019
39167
13077
06103
55135
27151
36001
36031
13205
01051
01077
48249
05069
36123
13087
51069
41011
21093
18075
26149
41031
37023
54019
33019
51047
30049
17167
08059
06035
37003
55131
37057
21043
19081
28079
22099
38089
48161
18119
24045
37013
49039
13031
13315
40037
36097
13189
17179
34017
22127
55019
21095
35043
22001
53051
53061
55085
26091
29083
18089
37171
24029
26101
37173
48147
18127
39089
37101
26009
18033
21055
27015
51137
56013
06001
12055
56015
53009
19107
48251
47157
47145
26059
17189
46083
55073
49057
17057
27131
19061
27059
05149
19011
47177
51163
48187
45027
19109
39039
29161
35025
28007
40061
34007
21175
05003
01039
27109
51143
29009
49051
48005
41013
13195
01015
01121
48375
29175
54009
27145
40111
37127
42049
55059
42115
39095
35006
12127
17159
55015
40119
08069
55017
35049
06043
48365
17005
36055
48241
23011
48353
30009
51540
21035
40149
36003
29049
47047
31079
48135
42133
37045
20099
12003
51520
01093
13127
42031
48139
22115
28089
29053
47139
50017
56029
41009
37051
45057
17143
48351
28159
40139
12007
29201
45059
18109
48355
29115
12039
48407
18043
39021
37185
13267
13305
21193
48255
47119
42005
27049
27047
48367
28061
12103
54001
54099
26113
26151
16011
51067
28151
42011
45013
22063
32023
27071
19147
21219
55139
55067
13091
17093
01009
13217
21161
48057
38101
09003
42079
13317
55007
05019
39175
01131
55113
48439
40065
54049
13103
48419
36025
37197
45039
18183
48493
29069
12005
41035
12089
17081
37123
45037
26077
12027
27093
48189
47125
42121
34009
49053
13097
19067
27105
13233
17017
29065
53025
24003
18019
51191
18175
27023
21211
19027
01095
08087
06013
17111
38105
48085
42131
51810
48039
53075
53071
32005
18061
30013
37019
12011
13251
18085
17117
42021
21153
48485
28047
30053
05031
34021
17075
47037
27171
54067
45047
21005
29111
51167
55117
42105
47045
01041
39063
24037
48013
48347
35029
17027
48455
40031
55039
22055
55133
01133
23015
46093
37027
36103
56001
18005
20115
55081
48477
06075
02150
29021
06029
54003
40015
48157
21009
48453
45071
26129
39111
26085
21119
19079
51015
13261
47141
21215
26103
20087
29105
29093
29209
55137
05035
55121
26111
39027
36011
18015
39157
40141
39085
05107
19125
42119
35061
24011
16049
08003
49045
18045
20011
19161
48203
55029
08097
21177
27017
48387
39123
27139
24009
28121
01115
34005
51101
48489
17085
26049
29221
48029
08107
37093
09001
08089
17095
38003
51680
28083
06007
16013
40073
48473
13321
08113
45053
39127
12073
54069
37047
48181
01023
51001
37191
21227
47049
01117
36029
54047
51710
48397
30005
12129
05077
23029
50025
48067
39087
12093
39147
51165
22009
37035
01061
17199
17063
28001
51109
40091
27057
06025
05033
36115
26025
39031
48167
54089
51073
55083
13057
55103
34035
37107
16039
37131
04015
50027
22047
22101
17049
20029
01003
39115
42095
37169
01055
51139
01081
54079
05009
17109
39035
28027
50019
41005
39023
20005
51077
29121
51550
55003
51121
15007
39119
08014
31109
45009
37139
05055
27013
20051
08119
40145
47021
06031
08081
08051
26115
17019
17185
55001
30017
06011
40047
13011
29217
44003
23005
28109
40005
20191
36057
08093
53041
47075
41001
54061
53059
22033
41053
55021
12031
28031
28033
19137
06049
29213
26121
36099
37037
55141
19007
26079
45079
21037
29113
51690
48297
27163
18009
36015
29109
12079
05113
22007
39049
12021
47043
34041
18179
22003
28023
18031
19191
48463
13135
28135
48097
26155
17145
51141
26139
18023
25005
48171
42019
37061
41067
36009
53043
55099
25017
08001
13001
48113
05135
39141
47003
29079
12053
05057
08039
19099
53011
22093
27053
48459
47149
28095
33017
13083
22005
13275
19149
27067
39055
19117
45031
23019
51149
51820
48373
47143
45001
47163
45073
38005
55061
48053
48209
50001
42109
26159
01091
36095
37053
48037
13299
17041
24017
47041
28123
05125
34027
08037
19167
54027
29029
02130
39137
18029
25015
26037
12069
21199
18041
31025
22103
18111
05005
45055
23025
51630
05037
01071
12023
39067
18181
28101
46011
26053
12085
31177
51183
54039
21019
39061
46065
19019
18105
39117
