27065
17099
39015
20015
06035
51630
09013
48179
28027
22127
10001
36013
18099
13251
27021
18107
09007
42049
48255
47045
45077
17101
37157
05103
42077
13215
21055
24029
37021
30041
05091
21235
56007
31041
41051
45047
47065
29186
26143
16039
01109
48375
37141
05077
55023
13115
17157
45019
29093
08029
55129
39113
37013
06069
48231
33015
39059
29091
13227
54069
48225
22121
18169
47053
31185
55137
42061
17185
55119
50025
01077
05145
47029
20117
17123
13157
21121
06067
28081
17113
19083
28109
48361
51107
51197
29073
34033
21113
12015
36049
39111
35029
29121
47099
41061
05059
44009
28003
18135
13137
34017
26077
27139
19165
19153
49045
04015
01121
28067
18173
29133
29079
38053
10003
09005
18053
53011
48013
25009
13139
39027
13127
21147
01013
22119
21025
17025
13277
18061
28127
48399
28121
18077
49043
06107
01065
39125
06101
21179
40041
22065
08007
23025
21069
41015
13163
55131
13011
25021
48459
48331
22027
01093
51075
29510
08045
51003
48217
37173
37037
42101
48347
12123
19025
13195
06017
19029
17073
35001
04027
45087
51035
51009
19061
20087
51101
51195
29145
46011
23015
28045
18183
51001
47117
19085
42007
27033
05019
02090
21027
13123
37081
53003
08035
18059
48451
47097
37133
54077
27119
05111
24045
29099
12055
26019
53053
48215
20091
35025
45039
26063
28007
22087
19023
29165
21207
19087
26081
17115
51093
12033
01131
41065
28149
53061
28089
48001
21031
51025
51143
41039
29053
40097
39033
40117
55045
38017
49007
12103
20041
26051
18121
37171
26047
17199
18003
17063
37055
48245
49035
45089
49049
28145
48071
45025
45057
47011
39091
51820
22057
35043
37127
26001
17131
33019
34009
12039
38101
22033
35013
17023
21225
13119
31109
37061
20133
39129
21021
27145
47177
51085
21085
22067
05119
28113
42041
35053
19145
45063
48051
27017
17165
51061
06095
45009
17125
48419
19179
20055
42075
35009
22009
28051
20001
17087
21167
37139
55081
26151
13237
48209
55027
55117
37011
18097
51199
18001
48439
38035
29021
13205
48285
40079
18017
08013
01033
48251
53067
18031
38077
54051
12063
20099
53015
29213
08099
47019
08039
37197
42033
45011
55035
37079
08031
21205
42047
05041
27025
55135
41005
27093
48293
56025
13051
29029
37019
56021
13089
53025
02122
01015
23005
47151
48469
19171
12113
22115
29183
26111
51775
21151
46135
13063
36081
51029
42045
31079
01119
19019
39043
39157
48067
29131
28137
29187
48415
13279
16067
36045
19021
22075
01027
19187
40137
42011
27169
37085
26071
13321
55127
42025
24003
37185
28035
40049
05001
41019
28135
36041
13311
20035
13147
45043
35017
28083
39145
19081
08097
55033
12051
26163
05149
21035
29209
28025
17133
51087
26105
28059
51161
19117
08037
40061
38015
40023
40109
29167
19169
37147
51735
01061
12107
30005
13111
51600
55049
45013
45037
48019
48097
01127
28139
01081
39173
02150
55029
36075
55107
13095
37101
17043
33005
18037
40149
26041
34027
17173
54027
24031
20175
37083
12031
54103
46103
42029
42117
42115
22099
27059
20149
49037
19167
26055
31025
48085
36073
19047
21097
37099
56029
48121
35061
48223
13045
53063
48221
27001
19055
05131
26045
06001
56033
27171
12053
39051
42073
35051
37047
53017
13213
42063
39075
22043
25015
27095
17095
19059
13285
30111
21095
34011
51121
24011
34029
06075
36117
01055
06105
41059
33001
17031
06071
18013
48485
48351
28071
38059
13217
17193
06065
19035
19099
12101
36077
13131
41003
54097
26009
09011
28029
55103
13097
41041
47021
51670
36037
05093
38079
19043
17053
13231
51077
36093
13107
22083
27105
21061
01049
34003
30029
42099
20111
29105
02110
27045
48027
16075
22007
21087
48187
29215
48465
12086
40125
18123
22019
12019
55071
17041
45051
05133
05003
19075
30087
17005
13039
19073
50023
19193
37107
37093
30053
17021
36103
30047
55093
39137
48199
29019
40051
36039
27057
05087
39001
47051
12133
51550
28117
51175
39067
26023
38093
01085
26109
53075
29117
21003
48315
01103
13179
55123
40011
51051
42119
26147
55075
36029
37115
23003
13317
36017
37023
17147
54067
19057
39045
51033
24009
40113
56037
31047
54083
19191
21093
37091
47081
48477
12081
17137
40083
51109
37129
13059
48135
29155
42019
08089
06093
27067
25007
37123
19161
48139
41067
18137
42017
48487
49057
29043
05057
26037
24047
26157
30063
47031
06019
18047
53055
45055
08119
18087
29127
21081
18093
40107
41033
47033
01113
39127
13177
36051
05005
08077
55133
23009
48219
51083
48161
05009
47025
36121
27121
32510
37035
27109
17081
21217
40035
47103
19125
13299
25019
55069
21049
35006
47005
48201
18091
48117
12027
42051
04012
26093
19041
30081
27009
21051
27143
18081
13091
55087
23013
08069
47155
37113
50015
51153
28039
27015
49051
37105
17033
21103
18127
48123
51067
39093
45041
45033
48341
24005
39087
21079
55089
39095
05115
42095
47055
11001
48049
40143
47113
48273
53057
01107
20115
54087
55099
22017
37163
51141
55041
06043
54029
28105
29141
30049
56023
55065
47171
35039
12115
26161
48005
30083
24043
54035
25025
18117
06111
39105
35049
19065
48037
47087
01073
37053
47075
47185
21073
36015
20009
01025
21177
37049
18153
21119
06047
18041
42079
01133
01039
27153
29189
47091
26067
37145
21019
12061
33009
20061
54053
04017
18157
42037
05081
08101
17109
45029
34021
42097
36069
35047
13247
28115
32019
40013
53041
12073
55021
37121
05067
17149
17107
17181
55105
15003
21239
26061
41035
48321
21089
22003
17051
22053
28159
25001
48115
16001
29229
45085
21125
40105
23007
28075
55031
29009
39069
51005
01079
47115
20021
47147
51730
12035
19149
21183
47093
31001
27061
47163
39055
48479
39063
19103
12037
26145
12111
54039
30017
31159
54033
47047
31053
39099
39147
19033
18125
42003
20079
39065
26065
06115
37063
33017
19147
18111
06113
42109
37025
08001
41007
42123
36043
26021
48499
22045
01017
18133
18167
39071
17163
29113
21155
19079
51117
32013
42065
18083
22111
36063
48507
55059
36105
13075
26049
55055
17179
37117
01129
41071
04007
01019
56013
12119
18033
47125
17039
49005
48481
37135
27161
19031
55113
45053
42133
18019
13081
46083
01057
26073
06031
37017
40087
18015
02170
06029
13103
48025
06013
29177
40091
54005
47187
24013
05135
40005
27035
51105
20051
29055
23021
28101
28151
47105
21101
45045
51169
39037
39029
21005
47111
26053
37155
08014
47183
08087
48157
40103
13013
48177
05043
21065
48297
48061
47035
45027
55121
36097
12049
34023
12079
19139
28057
22013
21185
37193
51145
17085
48337
16053
35035
30035
39149
40015
17045
01123
12131
36089
18177
36001
22071
30003
01071
27071
05055
04025
39057
13151
48473
01089
53021
21215
48003
48241
21045
18179
16019
27007
13015
13053
53047
24037
37161
30031
48291
47003
36083
13069
01059
18109
42013
21193
53031
21209
29147
12121
31067
29217
53043
46081
08123
02198
12093
51071
21047
26085
05141
39119
22015
26125
49039
13175
48203
37199
17119
32007
29065
42121
05027
19181
38067
06083
21083
39007
39159
27089
50011
41027
50021
19127
48349
42055
31043
31153
54075
45081
51740
39171
27041
21029
42067
39123
21199
55001
54107
54037
25013
47133
22001
16055
12099
36067
26033
48427
26089
41011
18029
13057
55025
18085
01045
37109
05085
39023
31019
39169
01001
29047
34035
35005
18131
47077
48463
39077
13153
13221
21009
29077
48143
37087
32031
55125
15001
22029
18147
47109
18023
51137
34025
01067
51570
05031
48423
17117
23001
48329
39017
40121
55013
22093
26127
19017
35045
51193
39073
01087
08015
22037
15009
06027
16031
37137
27151
45091
26113
55047
35027
53033
12127
37007
01115
27163
22117
19183
26099
08107
55141
40027
40135
54065
12091
40101
54019
54079
25027
55017
45083
41001
13189
06009
34041
29111
53001
12109
47123
51590
19027
51047
51139
39061
19175
08075
01069
05029
13145
35055
17027
42087
42083
13133
48387
18035
27131
35028
51187
29109
05015
27117
18045
39101
51073
21123
29207
39005
01047
28079
06085
55039
32001
48053
29037
22109
05037
18071
34039
19037
37001
06059
22103
17161
28093
31155
18175
08083
05107
54045
28107
49021
41029
47131
24033
28061
19133
13199
40071
50003
17189
27157
22047
06087
19105
54059
45023
12095
33013
45015
39085
54099
48313
39155
31157
51119
12001
17141
54047
48265
44005
05021
17055
28141
12059
12083
47057
55067
48489
37051
45031
40021
17139
19097
40145
36035
10005
45067
21227
17177
26101
21153
37167
36033
17067
21203
40095
27005
37169
34019
40073
18103
24025
19063
17075
05121
49041
39115
13117
22105
18129
01111
48395
37089
28033
54041
51135
40123
51790
06007
39009
24035
39041
39109
22085
19107
26011
05083
48389
39175
47001
20169
26107
48181
53009
47073
56009
21195
53007
29115
17037
54001
21145
13033
13143
18067
06077
25017
13267
36119
37125
22061
05069
48213
36047
28095
51149
28043
37059
54057
27083
18057
06011
55101
26031
12017
42005
36079
28023
06073
31111
01051
22073
23031
29161
36113
01101
05071
53037
21099
08051
06021
22079
21141
01083
13121
24015
29031
45021
53073
27027
45071
01029
55109
47069
17121
48491
42039
49047
21015
48353
42085
28047
39135
37033
17019
48401
20191
55079
41043
40063
27099
41045
48455
26057
54081
55053
47173
26115
17097
18143
40133
51510
37045
29135
24027
22039
36101
06023
17089
38005
51177
39039
40047
47061
37031
05023
51660
27055
18089
05017
19163
22077
45003
18165
22097
38003
20209
48441
51023
54009
24510
27085
48073
48039
47139
29169
12041
05045
48365
53029
34013
29071
17111
37181
13099
13297
20121
31151
53027
51840
45007
19123
48371
50005
29069
51800
29049
37067
29083
06039
42103
37195
22055
48409
18065
19045
27097
13229
02290
06005
01023
40153
37027
48279
36061
48093
12021
18159
48287
42131
55115
27023
06089
54025
18113
29119
51690
51027
39079
26059
51171
17159
20161
28091
40001
53049
09003
17103
36025
12007
54011
29097
27053
48167
54043
26075
48171
12117
21221
42009
24019
42035
36003
26069
42125
36123
51183
01053
08085
19197
13291
19141
40019
21127
48355
29095
13305
36031
21219
22069
18119
17049
51810
18063
53077
26017
19049
26007
39167
42111
37191
45073
18073
51015
54091
56015
39021
12105
28073
48339
34005
36111
18009
50017
12075
42015
23027
13313
36009
51683
26035
50027
36021
55095
48007
13193
40089
15007
27173
51163
05139
01003
21211
06015
23019
21013
26123
17003
26159
08003
17061
26141
29143
17083
42031
08041
40111
12011
05113
21171
13135
55003
06053
56005
12023
27113
28013
51710
21017
08117
36023
42043
40139
29107
51041
48185
27003
04003
51650
40031
13295
39083
19101
13021
29223
13257
37151
27079
28001
19005
30009
55083
20103
17001
39081
18139
08067
04001
16057
39047
54003
26097
24041
25023
55097
37179
21233
39141
05143
20011
29007
22041
27043
45075
48057
27123
42027
18149
21037
55063
13047
53071
49053
05065
36019
16017
48055
37153
28133
47017
51191
48183
20125
06049
51540
13071
51770
29003
29139
17017
29023
01035
46099
34001
47079
26149
06109
48189
29195
19015
20155
37015
04013
29051
13245
48091
46093
48257
22031
47089
17145
55019
22095
26087
06055
26129
13303
42107
53035
48453
47141
24021
13073
48089
40065
36099
37189
28031
42001
13083
12057
51165
20029
17077
06057
48233
04023
54061
42129
47043
48309
42091
18039
48035
06045
13105
06081
28123
22011
01043
17167
17127
29163
09015
19091
48041
18145
37069
34037
29201
50001
48021
45059
48467
19155
44003
19137
20057
40147
35057
39117
06097
06033
37131
51185
29219
13185
17191
46035
39011
36107
12009
13211
37149
47129
13077
22005
39151
22051
27063
06079
27013
28011
19067
42071
40037
39133
48113
48449
37165
19013
54089
47059
37077
31131
48145
13225
48407
21115
26119
50007
12085
13255
22113
37119
39031
23017
12129
39053
28153
05123
27115
27103
51760
29101
18049
23011
37111
47165
37039
18151
29221
27141
34007
27091
01097
36059
47009
45061
13017
31177
36109
08071
46065
17183
05051
12087
17197
08043
01117
47041
27037
54109
48149
17057
20005
13001
32023
22101
21107
35041
47085
42093
47145
18105
27047
19007
01021
48381
37065
42059
20045
53045
13031
26079
29175
29015
54049
12069
47037
08093
31089
51099
18043
35031
21135
21067
40131
13273
36071
39035
51013
01031
05063
21173
26121
29027
26025
28087
39019
20113
48099
39107
33007
36095
13223
39139
27127
13219
13027
17195
17015
25011
51089
13261
20059
41057
38089
01041
13055
44007
51059
19113
06025
13113
01005
12071
42089
30067
42021
13019
37057
48029
51173
21001
36057
12005
06103
16051
47167
21071
48249
39103
37183
05007
26005
39131
47143
55015
49003
29001
41017
41053
48367
08005
56039
46029
21111
29159
17203
18069
40017
18005
48227
09001
19011
47179
40119
17201
51680
45079
55057
26029
36087
44001
47013
26139
16069
47181
26133
26103
55077
51031
39161
16065
17011
13169
18079
21043
27137
20177
02020
26117
48147
05011
36055
39165
18095
48253
01009
