55013
06013
01007
39117
29131
31067
22113
18129
37081
40109
54049
48315
13137
13053
30017
20173
42003
05009
51167
01067
18157
47139
05115
32001
27111
39107
37107
48367
51760
55055
37105
41001
45075
48407
27009
29177
50007
51161
05001
48473
16039
26043
54099
36073
22077
26161
42063
45027
12119
42011
29141
45047
19025
17045
54033
36111
26061
21135
29029
27021
27001
27123
08075
37163
42117
42045
51510
17005
12069
36117
40037
36031
29009
17001
20055
18063
20051
27027
02150
39059
54089
15003
55117
37151
26157
26051
40115
05065
20045
42049
05011
18181
13233
28145
27157
55137
53047
53011
18081
51740
30093
38053
29209
13245
05005
55129
34037
47075
20133
34011
28151
13011
21119
48347
08005
49021
39143
27005
39055
28023
28163
13241
27083
37071
51027
18127
42067
12003
13145
21067
13071
22087
26073
40143
40051
35017
21027
55105
48027
51690
05055
19145
28017
04017
38035
48149
48499
29093
51059
13091
19079
48351
47123
22109
46109
56009
47087
21157
39043
05125
20155
01035
48441
17109
53057
09003
27161
01047
26091
47183
12007
27103
19163
40107
13185
12101
48245
29055
24005
29151
48001
36041
21005
51143
06099
40095
54045
06115
41003
13019
27023
18085
29037
05063
06081
22009
01033
20103
40103
13223
08059
13047
40035
31079
26131
25003
28091
17025
04021
13193
28047
51730
45041
11001
27055
22015
24035
06105
21163
29169
33009
19045
27171
17101
22099
54059
42031
40005
19155
54037
49051
38003
05091
49005
51051
39119
55009
22001
18117
36107
19087
40137
32005
05085
47029
06057
13095
42119
21173
47151
24019
47093
13117
55035
40039
17103
51670
48331
41041
39069
45077
18021
51077
21195
13237
29145
12087
51183
51071
34029
27063
24025
26111
45023
29007
42019
18023
37013
37077
53015
55093
26129
18139
55113
13293
18057
20037
42043
48093
01117
42111
37171
27017
37149
05003
22011
42005
19139
13221
28011
17139
12019
40083
51015
41009
50027
39165
19109
48099
51520
22013
01045
29065
23005
13133
53005
01027
28003
18149
19129
48071
51025
29107
51061
05031
50001
40119
26089
29111
56037
54087
42107
06059
55063
28105
42069
37101
39033
36045
22017
12121
21071
39007
29115
55099
27013
35001
08113
23017
01023
51001
08107
48287
40147
35009
06007
19023
42133
41067
40073
42081
39039
28007
12115
36101
17041
48489
45059
48067
49039
26023
48005
24041
46035
30049
17099
26109
47017
49049
48221
35047
48397
18015
39173
45083
19107
48097
29139
47055
45053
26115
27143
41053
39083
55057
28117
45079
05033
37059
06019
26025
17167
05123
01115
18121
21025
21015
18107
51179
13273
55077
29165
48259
28059
54055
48313
30067
04015
26055
53029
26021
01111
32023
17057
42101
36109
18145
28085
12041
27141
01059
09011
36083
36113
21093
36071
51047
10001
48201
48217
27139
48257
40081
47155
39157
12103
55103
37055
36029
19049
12057
40009
48199
39095
28149
22071
16083
29167
35055
26053
29095
24510
21147
01069
34019
21029
21061
12091
47159
08083
19075
13257
38093
39123
13229
48363
13317
18013
45003
48451
37139
01095
55025
31047
48015
23001
26035
28061
40013
36077
13251
55053
49045
45007
42087
19021
40145
56033
12075
37161
12049
27137
24027
13261
51093
24045
53051
26101
12015
20191
37121
53017
01077
21099
13121
19193
01021
21167
24031
34007
48481
21043
21037
39093
48409
39145
47163
49003
31131
08051
26031
06095
54047
48183
39047
13015
22121
47091
12111
47171
55017
41057
17143
17007
27047
49057
28127
51005
30029
26071
48209
31155
12095
13177
29121
13075
29091
51199
46093
37195
48039
46103
26133
37091
47103
27091
28057
01073
28107
12053
26033
51191
17081
05103
21203
36089
27015
09015
29133
27095
21049
36005
26015
05045
22031
48041
54103
27109
29113
23021
01087
29135
33017
05075
51169
33003
29163
48145
37099
41047
29187
36121
51810
41027
36013
51139
18033
55061
17173
42013
23025
29001
18001
55011
01121
15009
19137
13077
02122
06005
48453
12085
55039
55121
21185
37037
42061
17185
51570
21235
18099
30087
36043
12005
22063
23003
08029
20099
06087
47079
13267
48355
48115
18183
48457
16069
35029
19113
19083
17111
48147
36085
21079
17073
48449
38015
29097
17131
39025
26165
40049
05057
48427
28089
08039
35031
51840
31001
16017
19101
21117
34025
55107
42017
27093
41045
48053
48141
27049
54029
48361
55007
06089
12061
48297
27151
20041
13073
29019
05037
19183
21107
41015
45011
08097
01001
26125
30031
29077
27067
18105
20117
28139
51185
30047
48399
34035
41071
36017
19191
21097
39127
34023
06031
17087
29027
54109
28137
29079
13207
29023
19007
18051
31177
13199
20059
33019
36097
36025
40135
55141
37053
21069
27131
16013
55125
51035
17149
18147
16057
36049
22061
45061
29510
06045
12001
51147
38059
37003
08069
55005
36123
01019
36015
51820
53049
30005
55041
28029
54041
22075
39049
32019
37021
39073
26139
41035
56025
25017
20177
01109
12105
06021
54083
05145
47009
26039
37157
17097
31109
05077
24021
22117
06069
48507
01043
37023
13135
37051
39063
06101
42103
18035
51085
51145
48013
19171
13113
39133
36103
45087
48051
13205
35061
08001
12123
47019
56015
39027
17015
39045
27025
42077
39011
31153
19047
38097
17157
45013
22055
01129
41051
22073
17161
06075
26029
55095
55033
27033
28087
27163
48341
06041
48037
23029
40065
20087
18103
55139
01091
44003
21035
48255
18069
01125
34013
08077
12051
45063
48181
55075
47063
29221
49007
18123
46099
40121
38067
29219
40133
17011
33007
27007
37145
29021
18039
27061
55085
06073
48055
42055
09007
29181
06077
19187
13089
40021
26135
39013
29189
26059
01053
42009
06023
19157
12079
26017
13303
05043
19073
26147
21087
45029
45055
48487
01079
42001
06027
08087
21207
48303
37191
34017
21045
31055
18165
19037
55045
05069
12059
18167
34033
21059
28067
39097
37097
19061
29101
21153
21233
53065
30053
25015
17077
06029
21085
48249
05083
51137
12127
18169
42059
27099
28123
39147
36023
47097
20121
31089
28095
13099
13039
47081
17075
13313
27019
15001
40141
12039
24011
56021
30081
26011
19035
56005
12011
37119
06025
21009
54097
13067
01039
53043
21031
18119
55087
27041
19099
21205
37015
51119
29031
35013
36009
01097
19181
51775
48329
51141
18133
01085
27089
51187
19081
39175
17003
42131
13213
36001
29099
05035
13081
45073
16075
36051
35049
48389
29053
27003
08081
55023
45021
21115
05113
09005
22057
28101
48497
21051
06039
42035
47187
13001
28035
27085
55003
04007
48225
18109
26007
21123
01131
39065
18065
39015
20015
06085
45033
40079
47117
19147
18093
28079
47021
19017
29049
53035
48203
48029
48273
18163
19043
20115
37063
06097
51117
22089
17033
51135
29217
30035
28013
56013
21151
42027
55111
17135
19013
38017
31111
37033
29159
45039
06093
46081
21227
29201
47157
20111
21055
38077
01013
13217
48353
35035
23015
23019
01057
37179
20021
27127
47069
39111
25007
08041
05041
39155
42033
36063
37133
51009
25025
34003
17127
53009
47167
13087
23027
25019
51107
41033
24003
26105
39071
17191
42079
40131
50017
54009
13189
02170
05053
48231
37113
47039
42073
42091
06035
19197
37189
36019
16027
36039
37065
55073
35028
35025
48089
18047
41031
26009
54039
08101
48167
26041
06071
06083
36055
21177
08035
42007
37057
55015
05027
26143
39129
28039
13097
20057
31053
41061
37117
13045
12073
37197
31019
26141
48133
05133
48339
17125
17085
36115
36067
48189
40111
19153
50025
39031
25009
24001
55109
34027
39135
37165
35043
36035
29175
31159
42075
55071
36119
53003
35006
21175
22043
42071
19111
05143
27035
41059
55043
21047
48179
51041
18031
48455
01089
34001
18097
13123
54027
36027
40047
01017
06009
21101
08045
48277
06061
13139
13063
36075
19027
08089
12089
17089
06047
36081
20205
04012
13279
22007
48223
01133
51013
19011
05015
31119
12131
05023
01055
46135
17189
31141
39169
28113
40105
48025
17163
35057
27065
29127
32510
28115
28083
13215
19169
13305
42121
34005
45043
47053
39131
45049
28135
08015
55067
06053
47107
53031
19015
47033
27115
01103
20113
13013
25013
31185
06017
13131
37089
40023
37127
54035
39161
26037
26063
39125
06103
19059
26113
29071
19133
37039
32007
19165
17183
29073
48325
05021
39005
18059
02290
06113
49041
24015
16031
17055
05059
28159
12017
19041
19029
05087
18075
46083
51173
54077
48187
13187
13163
39053
48049
22079
42089
08007
38105
51735
19085
37011
50015
26145
24009
39153
53041
29223
51177
53071
47165
40091
19175
20001
26001
13153
36069
46005
12037
19161
30083
47031
41029
41013
19063
22119
44005
47179
27145
42125
48423
42015
06011
04013
26085
48021
16005
17029
51073
05007
18077
26103
55069
47041
55049
39017
02110
36003
54061
48143
18131
32031
24047
19005
22047
42127
20139
38005
17031
48241
36037
47037
17019
39067
51175
02090
55065
17117
05093
47049
17107
47025
48471
18003
13083
48061
17083
48073
06067
54069
24037
01005
40041
45051
18029
29015
01029
06063
29047
24029
39035
18061
27053
26079
47189
50023
13299
55029
39023
17105
39141
18017
47115
05051
26151
37083
05079
40123
45031
01049
01031
51031
45085
51067
34015
18143
18005
42115
09013
18087
19125
48349
10005
33005
17115
50005
40027
28109
17051
17091
28141
51083
13231
22097
45045
13009
48007
48493
27135
33013
51029
48171
01065
21225
42109
27043
27173
42105
37147
16011
05139
37123
37167
41065
26057
47111
39113
13255
39099
36061
40139
35045
36087
53063
51700
21113
13115
01003
21183
12081
20161
04027
28153
48465
37135
45089
13103
49047
18135
39171
51800
41039
21111
45057
39101
12031
22039
51171
19033
51121
26123
26005
39061
13021
48035
53061
18125
54043
23007
48139
21121
51075
40149
48265
17147
51600
29186
17195
42097
08043
29083
22033
01099
28071
51099
35053
48439
37115
17067
48185
27059
27039
47045
30111
36105
45019
21209
39029
21019
04001
19097
48381
26047
51590
01123
25001
39151
16001
17197
16055
36079
18153
55027
55001
22027
48215
26067
26119
01051
21219
05019
37019
21013
56029
18141
19031
47059
28075
37027
29215
01093
55047
21103
26155
54003
21021
39009
06033
21017
51065
16067
17187
45091
24023
29143
18043
35039
08003
47035
21073
28073
13297
16065
51165
51163
37085
48365
40011
29003
40089
40113
22103
26159
01107
12117
18179
39159
48373
19179
20091
40101
17203
25023
45071
06111
47013
40153
31157
22069
48491
41007
40001
40061
05017
24039
55019
05067
19167
13147
26099
55131
53067
49053
17193
37159
31043
08013
27117
08031
05149
51023
08117
47105
29147
12109
28043
19055
09001
22085
39085
19095
20169
13295
10003
06079
28093
13031
45035
45009
22105
55101
41043
51109
21089
48293
21199
17027
30063
21213
31025
13059
17023
13127
17179
21221
50003
26075
19091
13275
01127
37001
21179
31151
21065
56001
22037
54075
17021
47057
48463
22003
26087
12107
26121
48085
26137
35015
28049
51550
37125
37193
17113
47065
53045
13033
35027
26069
12027
51095
45015
13119
15007
47077
47129
37025
06107
25027
53027
42041
42065
19019
39091
18073
12055
39087
42083
29109
56039
26019
29105
27119
06065
51650
49037
37169
26127
18111
47071
51710
17053
18055
39149
21133
42093
29157
18045
40015
38089
27071
27153
12083
24017
29213
36007
37111
51149
13277
39021
45081
28051
48459
17121
18067
18011
53007
08085
27037
27057
26077
35051
06015
21211
29117
21217
29013
48467
54005
29195
06043
01081
42051
45037
22095
22065
55133
27105
09009
36033
02130
54001
21125
47149
26065
13315
21171
42025
18089
28081
12097
01025
51101
47125
21193
53055
47173
21003
47133
55135
48503
24043
23009
21141
48479
54081
53001
05141
01083
12035
37035
13175
39115
18113
20209
36011
39103
48309
55059
22029
08071
54025
55079
47145
42099
08119
13105
47177
17061
06109
25005
17119
13111
48485
40117
12009
48285
54065
39139
39077
51089
27079
39105
29207
27113
55031
17201
26045
21231
27097
28031
55123
39109
42095
36093
49011
13211
22051
17063
26163
47051
45001
01009
48251
17137
33011
32013
48177
37017
20035
13169
34021
13227
41005
08014
17145
48003
39041
36047
22083
53033
42123
37087
49043
37069
48401
19103
47141
47181
32003
54011
27169
23031
51790
13057
26149
47099
51630
13017
22101
17141
47119
47061
17181
48213
48135
04009
22041
47147
40017
12129
31041
47131
17037
21155
20149
30013
05107
48279
29183
23013
27147
37185
37141
45069
36021
55119
26117
48387
55097
22127
48233
21083
22111
41011
22005
22049
12093
39075
44001
12086
48469
27045
29043
08099
36059
44009
44007
04023
36099
36095
48395
37049
04025
50011
28001
26049
24013
38099
29119
48091
47001
21239
22053
33001
26097
29229
37079
48281
53059
48415
37183
46013
48299
39037
29051
47109
19141
51660
48337
42039
17199
40019
23011
13179
18009
55089
50021
18079
33015
02198
53073
27129
51683
47085
13151
18019
40087
40031
01119
49035
28099
39089
48219
13129
17093
19149
42037
37031
18175
18177
48419
25021
53075
42085
51003
48375
29069
13285
24033
47185
