08041
51105
19157
13115
35051
29133
37113
39011
06035
06087
38099
13213
18163
51013
24005
39171
39091
12037
45051
08113
37061
40071
48149
15009
29031
36041
26005
08117
51149
16075
48019
18183
42039
18145
54059
29215
48361
48189
48309
17007
13273
37173
27059
39107
47005
18063
12001
42033
06099
27105
37167
20111
18111
29159
41005
42117
17177
21089
54089
45069
18169
45025
31043
27049
05009
26073
06097
37027
22013
54053
19045
29119
12121
29186
05091
54087
32023
28039
40013
25025
25023
16031
32013
13229
39019
39145
28117
48257
45019
05011
28099
06111
21019
34017
12079
42107
55123
01111
49039
33019
48217
36009
42095
51071
42011
24029
38077
19099
21025
48481
56029
37141
51059
44009
37035
02020
28025
48415
27145
56007
47111
22039
24011
55093
47035
51109
27001
35027
17141
34035
32003
20035
27121
01103
48451
21069
37135
37199
18095
22007
06053
36107
08051
16027
39149
46103
09007
12033
18103
37145
17139
36037
33007
39155
51520
53057
17179
55073
28151
19127
44001
45007
48199
21227
22089
40021
37031
21221
29029
22083
41045
28059
22027
12055
13313
25011
55095
13241
21103
29079
20087
25007
08077
40115
36105
32005
40097
40065
13083
48371
13215
40017
21213
17003
19123
16019
26067
26105
48423
48143
05063
20103
42015
01015
12133
40005
12011
18009
31025
12061
34015
54041
22009
19047
39169
48487
26043
21145
21195
29229
18135
50005
37159
17093
05005
17119
47183
42069
51193
05089
21015
37051
19041
42029
27047
51630
18109
21087
17105
41011
48381
15003
17183
06059
26079
39047
56037
20169
51161
36103
29037
13255
06065
47163
45021
53073
51099
21183
05149
55133
26137
48337
05111
05053
50003
01023
29163
20115
55121
24027
19111
29151
21005
42047
17063
24013
17099
51185
56001
51670
21225
13153
13111
39021
51163
37155
36013
19029
36093
18053
37129
54005
51077
29207
40031
42091
40081
20099
53001
55079
28045
06061
50019
44003
20209
48187
19193
20009
37195
39023
38005
41043
18045
04003
48491
08097
34021
35013
08037
21055
36069
13231
18087
48013
04001
37125
19043
48387
51730
27085
17045
51069
25021
51800
36119
37023
26113
48323
20061
37193
36087
26149
48015
36035
20175
36095
48331
39119
21013
08069
20005
55119
08081
34025
05023
27163
20045
21043
27097
54069
39111
51177
17127
39087
48003
37147
17019
08101
13019
48183
34005
39173
42077
48303
28001
48293
21035
01005
06009
12017
51001
47031
37089
13179
42051
23007
26035
12097
05059
39067
48025
19019
42111
51550
53003
01113
13317
29209
23025
37053
42125
50001
01055
17017
12023
42083
27055
13135
01061
49051
45041
51041
28061
53011
48041
34027
26069
20133
48455
01019
21211
54081
48085
05135
27117
56013
21099
42043
05079
37011
41057
17075
13189
12105
10005
24031
18099
46011
01045
34013
17081
13075
41051
48115
18141
28153
47167
23001
21079
06081
47011
05143
41061
53033
39003
26101
18137
51035
37161
33011
13087
26139
15001
51690
42103
06079
21157
48007
08083
38067
49007
51031
49011
22067
51101
06107
10001
31055
26071
37127
54043
39057
23003
27025
26087
35061
28013
17195
13205
19191
28113
55125
55077
22095
19067
56005
22043
26151
54049
22077
37107
40121
48209
39017
27113
31111
37101
26011
51173
41059
20015
26037
01049
05131
01001
37157
17053
51570
13077
48037
55005
55021
40049
55027
21215
17147
46029
18001
17143
53031
06027
21065
39109
22015
29023
18003
48123
26145
20051
21231
48221
24039
42019
01003
37047
36023
37189
12099
17117
47119
45055
29051
01115
06089
19011
39167
06023
05139
22033
17097
39063
48351
18043
12111
09001
42035
21001
34033
08039
26009
48249
13011
47073
12091
32031
05043
06103
30067
13277
51003
55017
13305
41053
12089
18033
05113
55141
26081
16013
37001
18129
26001
21163
45011
29015
38059
37131
06057
13021
36003
21051
18121
27065
48265
54061
37171
36029
08119
21235
13221
48133
46005
39093
51197
47157
36073
13257
29117
29187
51510
29113
18035
27019
21101
35001
27079
29217
30041
40041
18159
13295
21119
26127
46093
22099
10003
26055
05051
18055
47103
37137
42005
47093
18057
36083
13099
26023
42101
48117
18153
37003
45037
35029
19095
48273
17087
48355
29105
06001
29141
42093
24003
09003
55053
48321
26085
12057
53045
17191
45083
46109
39089
47057
29043
08045
18097
49005
56009
38017
37093
55081
01047
27151
29053
47181
28017
55035
28121
42067
29121
21009
48397
19061
39039
08007
30017
39127
26093
17199
16017
12085
01067
41067
17161
35057
37017
39097
37033
01027
17073
05125
26045
40105
13045
47131
40103
26063
06019
17021
45079
48281
01069
39143
26125
47115
48145
16083
31119
55055
55031
05115
01119
30081
26161
23005
17029
13275
37191
48245
47053
47019
27161
12019
06069
13303
48225
46099
19103
50027
12041
47159
29055
29071
48401
01017
13195
41035
26061
05007
53015
23017
21137
51790
54019
47099
53049
26165
27003
39117
29047
27119
47187
49053
54027
39035
21147
50021
12039
47139
19017
16053
13193
40001
01059
21115
28003
48001
55099
47123
27103
04012
37121
51107
38105
51033
55103
51660
47061
48223
40039
04013
01031
13015
28033
21125
39013
23011
21177
05141
28075
05077
55015
19179
17181
36089
39043
48073
21085
39069
19065
22047
19085
51171
47071
42013
41009
18031
20091
13051
33017
27153
22045
51147
37025
01097
51141
37049
26133
39029
08005
54057
53061
29111
55063
08099
13081
50025
42131
48465
35041
55001
13321
54055
22119
01093
51540
19083
55043
36099
51083
37079
42055
39077
17095
48255
49049
47105
53047
48389
45085
23019
37109
34031
55069
27093
30009
39009
51087
19049
05133
38101
30087
35006
22061
51089
48325
08087
19171
05123
01121
55057
29003
53043
17149
13267
47013
13293
06031
48493
40135
53037
41029
36063
18041
40061
26025
27137
27089
17197
18113
29007
22049
12117
37119
40027
26077
01007
29169
48135
40137
51810
47049
13163
47051
42061
41015
26091
22117
04007
27083
37087
38035
36081
12087
19057
36067
21173
24510
39113
45043
40037
28049
28035
29027
47085
48253
45057
39141
51167
47155
29127
16051
31001
49037
09011
47141
22101
12003
47173
04025
37181
53059
20177
28105
48089
28091
24023
27043
33005
53051
13315
54075
21175
29225
48339
45023
29165
05071
48233
35015
53071
13089
34039
05017
13233
24037
47003
23029
39139
06045
48375
17165
48279
39115
48185
21073
33013
20057
26097
22019
35005
48121
26157
20079
11001
17033
51145
36111
23031
54083
26131
48067
12119
21107
25015
30111
51121
54047
19117
19087
47029
17077
17025
29161
28023
48039
35025
39061
20117
31089
47189
28031
51025
13177
37091
40119
06015
39133
33009
18181
37115
47133
39041
31157
21097
21049
28027
05107
12069
44007
55135
46135
42031
39153
20139
45031
17027
17145
13245
56039
18107
26065
26031
21233
51051
26111
47037
47021
48363
12007
29135
30029
26057
39033
53027
55109
13251
51169
18133
24041
13119
55007
45049
21193
55087
30049
41001
12095
28149
48507
27017
39101
01083
26033
38089
22087
29131
29091
05103
20041
19075
26147
39085
01053
29095
19063
21161
37007
29219
49043
45045
22105
45063
12063
51095
54099
48315
17201
51187
36097
02122
51199
54051
22037
40123
05065
26015
13073
35039
54003
42021
23015
48341
12113
40149
27035
49041
48291
42127
24017
28029
29183
29181
48231
21117
31159
27015
36071
19137
55003
20001
54039
39135
18119
35045
50023
47079
21121
05033
37077
37105
54037
06105
12109
26129
16049
48479
39095
21029
13157
48141
42045
51165
26017
17031
39079
42027
51137
15007
04021
22031
37057
48395
49045
40101
22085
42097
39165
29073
26163
18075
25005
20205
47165
27111
27005
48241
30013
51143
13009
48215
40111
48055
06101
36033
17115
13211
01109
24043
40009
42063
35049
21171
40011
40133
28123
19125
06063
01081
48161
35047
20191
19031
37013
51735
26051
26019
47045
18059
18093
45035
53007
37009
08123
01009
17121
55009
40153
30083
51680
37185
48407
16065
42017
37197
36123
55129
47069
22115
13147
35043
39157
13299
18037
48251
09013
21151
20029
06021
05037
47143
51195
13113
05069
36121
19181
01133
48147
18127
05057
39161
51175
19097
53041
05029
22075
39083
22093
53053
08085
26049
05093
48471
51029
13107
20173
42071
13227
12086
48201
13291
47125
37021
25009
17005
21021
13169
36025
36059
27037
05087
18173
18175
41039
19187
36047
13129
48329
34011
21153
19167
39065
01013
17131
48139
05015
45039
29221
17137
13279
51009
04027
19091
29109
22029
26099
47077
37169
29189
42009
18017
37111
55033
36061
48313
37019
31079
21067
40109
55013
27053
13207
06115
05045
29069
51093
12027
05021
08043
17189
19027
19025
24015
06073
26007
13133
21203
17061
38053
17157
19023
27139
39075
39073
05001
29195
29099
17015
51840
45061
13103
45071
48353
38097
06033
13185
18051
17173
19079
01065
47059
29083
39005
13031
37071
42059
20149
22071
19101
51600
54033
21095
48061
26119
37117
34003
19035
35031
42001
55023
19109
17107
34007
51191
25019
17041
18067
40147
20155
18147
40131
20113
19145
21179
40051
30053
40019
55067
36019
28087
51119
18177
22001
29107
19055
36045
47179
13225
21123
12129
54079
05041
54025
28051
19007
12015
55047
28109
25013
44005
17123
25017
40139
37085
26075
55019
55041
28115
54109
45015
48503
22051
26053
13219
42133
48167
02150
39059
27013
13223
53029
47063
42037
22017
39007
27067
39123
53009
16001
40015
34029
50007
47185
55011
12093
48449
40143
37037
27127
19133
29147
18027
21133
36091
48469
26155
29175
06011
17039
41031
55111
34023
39125
19107
22053
17185
36109
47151
05081
48071
42073
20121
32019
26041
30003
26109
17109
27045
39031
55089
51027
35017
19015
29093
46035
21003
55065
24001
26039
13053
23027
21111
18019
08089
21081
48473
17101
28011
01051
48021
45089
40141
33003
02170
30005
05121
19129
55107
27023
55045
22111
54045
13057
39045
01043
47081
01089
06071
55131
17103
40107
27021
42079
47147
29019
45009
01091
37063
45013
37045
01087
47089
13055
17023
37175
04017
16057
12101
31185
29157
36027
48439
54097
50011
55105
54029
48093
36057
41027
24045
13139
39081
50017
12081
01129
55101
12021
02290
48427
18023
12103
31131
31109
36115
16055
39175
19033
13151
47149
19013
55085
42049
48441
12083
35028
21219
47087
39027
28067
08093
12107
51590
37183
22011
40145
17067
55071
06067
29013
28141
06055
45075
20011
28085
37039
42119
48399
48181
17057
22065
47041
08071
08031
17133
17193
31067
19021
37151
48157
42007
48053
04005
41017
47097
12049
09005
22057
21239
16069
12035
29510
40125
53065
36039
54009
06025
17163
48485
42109
01079
47009
13105
37153
45047
48457
13017
22073
53005
45073
36011
13217
47065
53025
29177
51139
37179
55049
13091
53017
49047
17055
39025
48113
18157
36005
55127
08107
21217
28159
55137
02090
13187
17111
45001
48297
21167
47043
24035
51015
06017
47109
31041
45053
26103
19197
27169
36021
19139
47001
26059
35009
18065
26123
38093
51683
48477
45059
33015
48277
35035
30035
28107
12005
27123
28083
35053
42075
48419
39055
45077
21209
19155
02198
45027
28081
06095
06083
19059
37059
31177
36031
36117
04023
36101
19081
18005
29139
24019
19073
39147
42121
42115
20125
12009
16005
08029
29201
47107
13063
48049
13145
36015
55061
13047
42099
27171
29009
48097
06085
53055
24021
17135
18013
19113
06109
36113
12123
13137
27061
02110
01131
26115
17085
53077
48177
17001
46083
06007
22055
51047
34009
37149
13247
27007
25001
29001
51023
13131
29143
37065
22063
18073
18081
51710
13013
27099
39051
24033
48453
39131
37099
37015
42041
08014
40087
18077
06013
36079
31141
39049
48489
19149
51153
40091
21071
01125
22103
48463
51117
48213
56021
29115
27143
27131
18079
13059
48287
22079
20021
18021
01085
55039
42025
09015
21199
26159
36001
12059
08013
19175
47171
48459
27157
18151
48227
47025
49035
51005
05067
48499
29213
45033
18165
47117
56015
06041
21047
48497
28127
21205
28139
37163
48367
21127
51085
28137
37165
05003
18167
06005
28007
01073
08067
17167
39137
49021
06029
22041
08001
48409
01035
48285
13127
40083
51770
21207
17203
36017
40089
51075
06043
41071
21061
26027
18011
12127
16039
42003
42105
41047
48467
48171
22003
06113
31053
28089
12051
39037
29049
56023
36049
39015
40079
53067
17011
27027
13071
55115
29097
05019
22097
55029
42065
24009
32001
20161
19037
48035
37083
36043
06093
55075
34037
17049
48365
12031
18039
45091
13175
18143
06077
51183
19165
23013
48299
21141
41013
18125
12073
27147
17125
48259
47129
31151
25027
28101
17159
05035
05075
26117
56033
53063
18029
37067
26029
28163
39053
12075
27095
37097
31047
05083
37069
09009
01101
13027
06049
27057
01123
45003
17043
28093
36085
19105
19161
29223
55059
18139
18105
28047
17089
19147
38079
47017
08035
36055
50015
51135
25003
53021
47145
12071
22069
01041
51061
26107
54065
28043
06047
54001
51650
51775
21017
39151
05085
42087
27115
01117
30031
29145
56025
29167
01099
26121
55083
48349
18131
28095
