19113
01077
48387
35001
05051
51003
06043
42111
40109
26143
21055
08005
40097
13223
48273
27121
41067
18137
18015
26131
31157
21005
20177
12073
36123
13087
05041
17033
37011
40133
48465
37105
12009
29077
18139
18061
33003
21037
22049
45053
53035
17025
27153
47145
29009
08119
26141
22115
39047
45035
40131
34035
34033
29213
13231
28159
11001
01095
04017
34039
13169
53027
40123
21121
20059
48073
47147
21087
55025
47093
40135
49045
26123
13075
37045
39011
29105
39139
02090
55079
05045
29013
51041
30031
56039
39161
53055
19155
36003
22001
18107
55137
18039
21199
04009
45059
28081
34029
01127
54079
51790
21119
20009
48375
20173
16067
36037
18109
12039
08113
04005
40051
48007
39043
40073
01111
50005
51660
55003
22061
19099
46035
37197
41059
22031
06005
06103
48003
48471
13123
39173
55005
42071
23017
05113
51061
06027
21095
31119
48399
47097
45051
17115
27047
29209
34023
12105
51015
48381
12021
21147
26061
29187
40019
22079
22005
13229
25019
50023
21045
27001
26059
40013
44003
22037
47119
19133
51630
29023
39141
29201
19125
34025
47105
49021
01025
50011
37189
18001
05027
48449
40079
42009
20209
39143
34031
49037
44007
42015
19085
42033
53057
37069
37053
48055
13047
13131
55141
27041
40115
13177
12095
13299
13051
13011
51077
13297
18123
26067
48145
21059
55087
42055
46005
05143
05123
24019
21067
48373
23029
37165
19045
26009
47085
26019
45067
48303
