08081
41065
26051
01035
33011
28107
20091
48055
21207
48389
01045
37175
01069
28095
29183
41029
01077
17019
12035
37109
39051
01021
48227
38067
17101
42081
55083
13295
37151
45085
19013
45023
36077
45039
29141
54107
18061
06039
48331
35055
13063
26011
47117
17011
47159
20021
22105
36099
41009
23029
08089
53065
19027
53017
09001
36007
18157
12003
21101
13087
31157
47059
53043
20169
53073
48145
42043
53075
48257
37007
55093
21083
06071
51195
26145
40131
27019
12087
51690
20121
40031
30067
48049
47019
51095
54059
08067
56025
19055
29215
36031
08035
06101
34007
17125
05037
47061
18029
26067
42017
55099
20079
22057
04005
29157
39097
05067
37091
17161
26021
05103
18105
45009
39107
40005
17097
40017
53041
40119
18057
37001
26019
27015
05149
27131
34005
45083
01081
34041
31159
36029
17121
20099
27085
42039
55063
29029
17159
28073
50011
48497
29207
39039
13131
20045
19007
39103
27007
48481
13205
18111
24017
08005
27093
01049
55023
23027
37021
51135
05083
54091
48019
51570
36019
39047
40041
37063
06111
18149
39105
40121
31055
47087
13045
48121
55135
50015
54037
51031
06021
26097
08043
30063
18183
56039
39007
27017
12099
39147
32005
49003
37161
21123
13193
39101
48139
27109
29219
42095
48487
01113
20117
39031
21117
29169
21001
28113
21121
17093
16057
36051
54027
48025
29225
37169
01127
39145
39093
28151
08013
06083
29113
36095
01065
39165
27105
51139
