20125
12099
54107
41019
53077
51540
34031
55127
18071
21137
16053
47047
08067
39003
20175
35041
50019
13225
18159
18053
48117
37007
30009
48123
55021
06001
39019
13069
42021
21081
39081
28033
53037
17159
37045
18049
12023
54019
12113
13291
40071
30003
48019
34009
37109
05029
18173
20029
21001
53025
17049
17133
06055
28027
22019
12133
05119
42047
40097
48477
17043
13311
47113
06049
21095
13219
48157
48227
27121
21145
38101
51153
51770
18041
54057
18137
01071
26107
22093
29225
37175
35005
41017
01015
56007
12021
48321
53053
48161
46065
36057
05089
19065
48323
47089
28045
53021
51680
13107
42129
17017
18095
29155
25011
37155
05071
16051
13027
13247
47043
13195
48291
18083
02020
17123
26027
21127
26081
05121
37061
12033
20011
20009
18151
29161
26093
54067
39137
17165
18027
05111
55083
13321
56023
39167
39057
20061
47073
13157
05131
39079
40125
12063
22115
05135
13055
08037
28025
16049
37131
48113
54079
37199
54053
39051
36091
17095
42029
01041
47005
51193
04005
37067
48371
54051
48057
13143
19127
22067
04003
19067
01113
18037
37137
38079
17039
51069
40063
19057
28133
51195
21161
34041
17177
46011
19117
37093
51033
01101
19123
28121
54091
08093
46029
13051
47143
37173
51197
51105
18091
21215
39001
47011
37181
48121
22045
48253
37047
47003
19105
30041
37153
08123
20005
16019
51087
45025
12071
05081
45067
55115
37009
55081
20079
34039
37129
01061
