18041
36121
29091
40135
39165
36047
35017
19041
05017
37037
29053
01055
47171
18043
54087
17105
39035
38099
47069
05041
23017
47103
17159
19117
26101
40139
51690
47049
39005
27053
19019
53063
17179
17137
26025
18107
35057
13081
01013
21043
48395
17045
46081
39003
19197
23009
01071
56013
08007
01001
12075
13013
01129
47115
13139
19129
37081
17119
29127
22049
13039
21103
27143
39137
48245
29169
47055
37123
37019
12033
48039
55097
13095
18093
13111
29027
28079
45015
40065
08045
35041
51109
37195
36041
48347
30063
31001
18157
47145
27049
40073
21177
39119
17185
39157
05015
18139
35001
04005
18175
36061
54001
37033
08029
21123
13279
48441
39149
53017
21065
41031
02170
48057
01083
42125
27061
24031
48013
27047
34009
40005
40109
17193
42091
53001
51087
19021
48463
21213
48171
18151
18131
08041
16017
39133
39031
55039
45077
47097
42103
05057
18049
54033
42059
32005
17043
27059
42007
51790
28109
36015
39129
37017
13119
23019
04021
47077
05005
48339
35025
36011
42009
53055
20121
21239
54003
19027
05029
01003
51047
12031
48183
40095
22111
36119
55069
45067
20103
24029
21137
39105
04003
01007
40149
37147
51510
29217
13027
27041
53007
37061
05103
54061
13059
56037
47031
34041
13251
39113
37111
48361
12015
48329
19169
40119
19179
45001
42025
19059
51015
21151
21081
49005
06053
48233
37089
36117
36075
39101
51149
12009
26065
18013
21097
51085
13213
26029
