47177
54011
20055
21045
17083
01095
28135
53075
13123
51073
21031
47091
41007
37055
01057
27041
18083
13199
05145
26047
22121
36075
01077
51760
12131
20037
42129
21027
28073
21135
13001
26135
31019
29077
28057
19153
19005
27009
45029
48373
35055
18015
29101
27109
26089
37123
27173
29065
04009
42123
02130
30093
39159
04015
41019
54103
40063
47113
55117
17187
08075
13033
51065
18071
55025
06039
26021
27141
19169
06075
19183
19163
27063
48051
55097
55139
13297
13069
28145
54077
27071
32510
33001
37133
34019
21037
28133
22109
16011
18091
54091
13095
47039
13311
47047
13067
05119
01029
39129
23021
27091
21185
40113
47075
27135
41065
34001
17113
12115
49003
40035
42089
17091
22005
36051
18179
22113
36077
19141
01127
38003
01039
37139
51740
30063
18089
40047
21059
39099
08003
40117
32007
18061
29155
27033
24047
28071
46065
48005
17051
41003
13285
37081
18123
53035
46081
51179
05031
01033
38015
26143
16067
48347
01021
18085
01107
18047
45067
51067
13117
08015
29021
42085
34041
45081
36007
48091
12053
40073
31155
31153
39105
13261
46013
54107
13237
45087
48219
21093
01025
23009
54035
39001
13039
21155
39071
47055
40023
18049
48203
27039
28079
05055
48027
20059
47033
48179
41041
51820
51700
48029
13097
05027
48099
21113
13121
55113
18069
42081
26141
17037
13143
39103
54067
22127
40095
27129
01071
08059
30047
24025
41033
21083
18117
18149
48057
49057
