45015
12086
06023
47019
48265
39105
36049
17061
11001
38035
08117
22045
17131
39069
37007
27119
44001
29007
31001
39019
48231
37195
53063
29027
28067
40101
47077
17083
20169
55055
17067
08029
16027
40117
26023
22031
27129
48071
55093
42015
19145
42007
41029
18051
21059
40113
50005
39143
12107
05075
29186
48337
48273
25011
18167
24019
37163
47109
39151
48025
19139
22095
47087
47017
23021
39051
29023
54081
05121
35009
18147
20091
26033
17015
23003
36093
13099
30029
42107
42059
09013
26075
48331
37111
08067
45077
25025
12061
46029
17097
54035
36083
35031
29147
19075
19171
37117
51009
45051
02290
36117
17157
37049
55027
13105
21079
01033
47167
53053
17023
06111
06047
27115
46099
22039
01045
17007
29133
29219
48471
27005
27055
01123
55107
08013
45041
39011
18117
21133
22017
55045
55063
37115
02110
50011
24047
48019
06087
22065
45067
54043
17119
55011
01001
48099
39041
53031
22027
28043
19041
54065
35035
32007
26035
45007
27091
21205
41061
21069
47181
53077
21239
24033
26161
36101
21083
21025
42073
20045
39101
15001
47123
48309
06085
39045
19181
51013
53027
54025
21155
29151
54053
26087
13157
27083
27111
39131
01005
37089
12119
32510
13147
45081
47079
47069
05119
19095
01113
36035
36075
12091
20015
18133
26071
22011
17077
26097
36043
42067
21071
51187
39135
29159
48449
40041
26143
37083
13215
20035
36077
37175
29043
13089
13075
47147
42091
37109
